
 PRINT REACTION SOLUTIONS PER NODE

 *** MAPDL - ENGINEERING ANALYSIS SYSTEM  RELEASE 2026 R1          26.1     ***
 Ansys Mechanical Enterprise Academic Student      
 01055371  VERSION=WINDOWS x64   15:03:50  SEP 27, 2026 Elapsed Time=     13.645

                                                                               


 
  ***** POST1 TOTAL REACTION SOLUTION LISTING *****                            
 
  LOAD STEP=     1  SUBSTEP=     1                                             
   TIME=    1.0000      LOAD CASE=   0                                         
 
  THE FOLLOWING X,Y,Z SOLUTIONS ARE IN THE GLOBAL COORDINATE SYSTEM            
 
    NODE       FX           FY           FZ           MX           MY           MZ    
     143 -0.19531E-003-0.37205E-004  5622.4       0.0000       0.0000       0.0000     
     144 -0.11633E-003-0.40241E-004  3825.0       0.0000       0.0000       0.0000     
     145 -0.63321E-004-0.15596E-004  4531.6       0.0000       0.0000       0.0000     
     146 -0.21934E-003-0.10956E-003  5304.9       0.0000       0.0000       0.0000     
     147 -0.27668E-004 0.28917E-004  2512.8       0.0000       0.0000       0.0000     
     148 -0.18268E-004 0.17755E-004  2605.9       0.0000       0.0000       0.0000     
     149 -0.15526E-004 0.24129E-004  3496.6       0.0000       0.0000       0.0000     
     150 -0.91641E-005 0.13145E-004  3579.0       0.0000       0.0000       0.0000     
     151 -0.35927E-004 0.40176E-004  2127.3       0.0000       0.0000       0.0000     
     152 -0.43777E-003 0.17072E-003  7132.3       0.0000       0.0000       0.0000     
     153 -0.25799E-003 0.15624E-003  5923.7       0.0000       0.0000       0.0000     
     154 -0.50964E-004 0.42045E-004  2039.1       0.0000       0.0000       0.0000     
     155 -0.42043E-004 0.41650E-004  2145.7       0.0000       0.0000       0.0000     
     156 -0.35919E-004-0.15396E-003  3481.8       0.0000       0.0000       0.0000     
     157 -0.47949E-004-0.12453E-003  3030.5       0.0000       0.0000       0.0000     
     158 -0.86123E-004-0.22752E-003  4440.4       0.0000       0.0000       0.0000     
     159 -0.59173E-003-0.23469E-003  6380.8       0.0000       0.0000       0.0000     
     160  0.61988E-005-0.13488E-004  4064.7       0.0000       0.0000       0.0000     
     161 -0.66634E-003-0.34330E-003  7935.9       0.0000       0.0000       0.0000     
     162  0.93389E-005-0.18734E-004  7090.9       0.0000       0.0000       0.0000     
     163 -0.23298E-003 0.66755E-004  10435.       0.0000       0.0000       0.0000     
     164 -0.22862E-004-0.11178E-003  6107.2       0.0000       0.0000       0.0000     
     165  0.47256E-005-0.87070E-005  5826.4       0.0000       0.0000       0.0000     
     166  0.94187E-005-0.10934E-004  4141.0       0.0000       0.0000       0.0000     
     167 -0.15226E-003 0.48168E-004  7959.5       0.0000       0.0000       0.0000     
     168 -0.41490E-003-0.12034E-003  11608.       0.0000       0.0000       0.0000     
     169 -0.30486E-006 0.39468E-006  3952.4       0.0000       0.0000       0.0000     
     170 -0.71977E-003-0.43269E-004  8500.5       0.0000       0.0000       0.0000     
     171 -0.65732E-003 0.81440E-004  11120.       0.0000       0.0000       0.0000     
     172 -0.59236E-003-0.19504E-003  7688.9       0.0000       0.0000       0.0000     
     173 -0.28138E-003-0.12017E-004  9819.2       0.0000       0.0000       0.0000     
     174 -0.43043E-003-0.45318E-003  6580.0       0.0000       0.0000       0.0000     
     175 -0.48996E-003-0.39233E-003  8627.0       0.0000       0.0000       0.0000     
     176 -0.16503E-003-0.42790E-003  6270.6       0.0000       0.0000       0.0000     
     177 -0.49084E-004-0.18811E-003  6014.7       0.0000       0.0000       0.0000     
     178 -0.11699E-003-0.27039E-003  10095.       0.0000       0.0000       0.0000     
     179 -0.33619E-003-0.55555E-003  9745.7       0.0000       0.0000       0.0000     

 *** MAPDL - ENGINEERING ANALYSIS SYSTEM  RELEASE 2026 R1          26.1     ***
 Ansys Mechanical Enterprise Academic Student      
 01055371  VERSION=WINDOWS x64   15:03:50  SEP 27, 2026 Elapsed Time=     13.646

                                                                               


 
  ***** POST1 TOTAL REACTION SOLUTION LISTING *****                            
 
  LOAD STEP=     1  SUBSTEP=     1                                             
   TIME=    1.0000      LOAD CASE=   0                                         
 
  THE FOLLOWING X,Y,Z SOLUTIONS ARE IN THE GLOBAL COORDINATE SYSTEM            
 
    NODE       FX           FY           FZ           MX           MY           MZ    
     180  0.41977E-006-0.24362E-003  5068.2       0.0000       0.0000       0.0000     
     181  0.34114E-004-0.14561E-003  5971.8       0.0000       0.0000       0.0000     
     182 -0.59084E-004-0.32258E-003  5496.4       0.0000       0.0000       0.0000     
     183 -0.60306E-004 0.60386E-004  2585.2       0.0000       0.0000       0.0000     
     184 -0.20843E-004 0.29508E-004  2919.9       0.0000       0.0000       0.0000     
     185 -0.21582E-003 0.10150E-003  3323.5       0.0000       0.0000       0.0000     
     186 -0.11854E-003 0.86511E-004  2410.8       0.0000       0.0000       0.0000     
     187 -0.50844E-003 0.42373E-004  6029.2       0.0000       0.0000       0.0000     
     188 -0.28509E-003 0.84017E-004  7585.2       0.0000       0.0000       0.0000     
     189 -0.83926E-003-0.94350E-004  11778.       0.0000       0.0000       0.0000     
     190 -0.43117E-003 0.25218E-004  12657.       0.0000       0.0000       0.0000     
     191 -0.36324E-003 0.11229E-003  4788.3       0.0000       0.0000       0.0000     
     192 -0.35721E-003-0.34509E-003  4895.0       0.0000       0.0000       0.0000     
     193 -0.49697E-003-0.30717E-003  5766.0       0.0000       0.0000       0.0000     
     194 -0.15669E-003-0.36847E-003  5136.7       0.0000       0.0000       0.0000     
     195 -0.31225E-003-0.44496E-003  6070.3       0.0000       0.0000       0.0000     
     196  0.37781E-005-0.27092E-003  6732.2       0.0000       0.0000       0.0000     
     197  0.53574E-004-0.19089E-003  11341.       0.0000       0.0000       0.0000     
     198 -0.66707E-004-0.35462E-003  5841.2       0.0000       0.0000       0.0000     
     199 -0.14183E-003 0.13517E-003  5863.3       0.0000       0.0000       0.0000     
     200 -0.55512E-004 0.71141E-004  5636.2       0.0000       0.0000       0.0000     
     201 -0.72560E-004 0.38679E-004  4269.0       0.0000       0.0000       0.0000     
     202 -0.29118E-004 0.15929E-004  4571.7       0.0000       0.0000       0.0000     
     203  0.10126E-004-0.81287E-005  2981.6       0.0000       0.0000       0.0000     
     204  0.11290E-004-0.10441E-004  2542.8       0.0000       0.0000       0.0000     
     205 -0.11786E-005 0.84592E-006  2630.3       0.0000       0.0000       0.0000     
     206  0.13913E-004-0.51120E-004  7111.7       0.0000       0.0000       0.0000     
     207  0.84583E-005-0.17992E-004  5417.0       0.0000       0.0000       0.0000     
     208  0.86022E-006-0.89454E-004  6542.4       0.0000       0.0000       0.0000     
     209 -0.10451E-004-0.13437E-003  4917.6       0.0000       0.0000       0.0000     
     210  0.20268E-004-0.11881E-003  6948.7       0.0000       0.0000       0.0000     
     211 -0.24685E-003-0.29257E-003  11314.       0.0000       0.0000       0.0000     
     212  0.16202E-005-0.19695E-005  5397.2       0.0000       0.0000       0.0000     
     213  0.24234E-005 0.10068E-004  3335.0       0.0000       0.0000       0.0000     
     214 -0.39836E-005 0.39671E-005  4313.2       0.0000       0.0000       0.0000     
     215  0.19567E-004-0.38068E-004  10437.       0.0000       0.0000       0.0000     
     216 -0.32261E-003-0.29394E-003  6187.4       0.0000       0.0000       0.0000     

 *** MAPDL - ENGINEERING ANALYSIS SYSTEM  RELEASE 2026 R1          26.1     ***
 Ansys Mechanical Enterprise Academic Student      
 01055371  VERSION=WINDOWS x64   15:03:50  SEP 27, 2026 Elapsed Time=     13.646

                                                                               


 
  ***** POST1 TOTAL REACTION SOLUTION LISTING *****                            
 
  LOAD STEP=     1  SUBSTEP=     1                                             
   TIME=    1.0000      LOAD CASE=   0                                         
 
  THE FOLLOWING X,Y,Z SOLUTIONS ARE IN THE GLOBAL COORDINATE SYSTEM            
 
    NODE       FX           FY           FZ           MX           MY           MZ    
     217 -0.17199E-003-0.30084E-003  5939.6       0.0000       0.0000       0.0000     
     218 -0.78657E-004 0.68859E-004  4824.8       0.0000       0.0000       0.0000     
     219  0.21167E-004-0.52770E-004  5627.0       0.0000       0.0000       0.0000     
     220  0.24076E-005-0.18035E-003  5723.5       0.0000       0.0000       0.0000     
     221  0.19677E-004-0.13665E-003  11582.       0.0000       0.0000       0.0000     
     222 -0.72537E-004-0.60753E-004  5796.8       0.0000       0.0000       0.0000     
     223 -0.18885E-004 0.15430E-004  5098.7       0.0000       0.0000       0.0000     
     224 -0.43325E-004-0.58016E-004  5239.1       0.0000       0.0000       0.0000     
     225 -0.32032E-003-0.15526E-003  6417.6       0.0000       0.0000       0.0000     
     226 -0.11296E-003-0.59085E-004  6259.5       0.0000       0.0000       0.0000     
     227 -0.20726E-003-0.14929E-003  5200.5       0.0000       0.0000       0.0000     
     228 -0.20828E-003-0.14648E-003  8272.0       0.0000       0.0000       0.0000     
     229 -0.10997E-003 0.51685E-004  5947.8       0.0000       0.0000       0.0000     
     230 -0.37153E-004 0.19159E-004  5835.2       0.0000       0.0000       0.0000     
     231 -0.55653E-004 0.38374E-004  4754.8       0.0000       0.0000       0.0000     
     232 -0.17810E-004 0.25132E-004  5682.9       0.0000       0.0000       0.0000     
     233 -0.13934E-004-0.21151E-003  6871.1       0.0000       0.0000       0.0000     
     234 -0.35382E-005-0.55670E-004  6158.4       0.0000       0.0000       0.0000     
     235 -0.10858E-004-0.54252E-004  3011.7       0.0000       0.0000       0.0000     
     236 -0.24201E-005-0.71252E-005  2667.1       0.0000       0.0000       0.0000     
     237 -0.15828E-004-0.34556E-004  3860.3       0.0000       0.0000       0.0000     
     238 -0.49139E-004-0.89190E-004  4302.5       0.0000       0.0000       0.0000     
     239 -0.15520E-003-0.17619E-003  6278.9       0.0000       0.0000       0.0000     
     240 -0.15418E-003 0.94438E-004  3400.4       0.0000       0.0000       0.0000     
     241 -0.15262E-003 0.84404E-004  3721.5       0.0000       0.0000       0.0000     
     242 -0.46814E-004 0.36973E-004  2443.4       0.0000       0.0000       0.0000     
     243 -0.37392E-004 0.27697E-004  2599.0       0.0000       0.0000       0.0000     
     244  0.10969E-003 0.29307E-004 -2132.7       0.0000       0.0000       0.0000     
     245  0.11963E-003 0.51299E-004 -2074.2       0.0000       0.0000       0.0000     
     246  0.10017E-004-0.12647E-004 -1501.0       0.0000       0.0000       0.0000     
     247  0.18425E-004-0.18062E-004 -967.55       0.0000       0.0000       0.0000     
     248  0.32061E-004 0.95943E-004 -1607.6       0.0000       0.0000       0.0000     
     249 -0.33083E-005 0.35169E-005 -1731.6       0.0000       0.0000       0.0000     
     250  0.16006E-003-0.59694E-004 -4559.4       0.0000       0.0000       0.0000     
     251 -0.14922E-004 0.26623E-004 -4529.7       0.0000       0.0000       0.0000     
     252  0.17019E-004 0.96709E-004 -2473.7       0.0000       0.0000       0.0000     
     253  0.25363E-003 0.14917E-003 -4359.1       0.0000       0.0000       0.0000     

 *** MAPDL - ENGINEERING ANALYSIS SYSTEM  RELEASE 2026 R1          26.1     ***
 Ansys Mechanical Enterprise Academic Student      
 01055371  VERSION=WINDOWS x64   15:03:50  SEP 27, 2026 Elapsed Time=     13.647

                                                                               


 
  ***** POST1 TOTAL REACTION SOLUTION LISTING *****                            
 
  LOAD STEP=     1  SUBSTEP=     1                                             
   TIME=    1.0000      LOAD CASE=   0                                         
 
  THE FOLLOWING X,Y,Z SOLUTIONS ARE IN THE GLOBAL COORDINATE SYSTEM            
 
    NODE       FX           FY           FZ           MX           MY           MZ    
     254  0.10831E-003-0.47275E-004 -2932.4       0.0000       0.0000       0.0000     
     255 -0.56914E-006 0.91615E-006 -2389.9       0.0000       0.0000       0.0000     
     256 -0.93155E-005 0.18762E-004 -2493.9       0.0000       0.0000       0.0000     
     257  0.27176E-003 0.10434E-003 -4691.8       0.0000       0.0000       0.0000     
     258  0.24139E-003 0.24495E-004 -4701.2       0.0000       0.0000       0.0000     
     259  0.18141E-003 0.19828E-003 -4386.0       0.0000       0.0000       0.0000     
     260  0.72776E-004 0.19904E-003 -4359.4       0.0000       0.0000       0.0000     
     261 -0.26097E-006 0.85271E-004 -2649.8       0.0000       0.0000       0.0000     
     262  0.19765E-004-0.19814E-004 -1359.0       0.0000       0.0000       0.0000     
     263  0.10049E-003-0.52187E-004 -1758.4       0.0000       0.0000       0.0000     
     264  0.24162E-003-0.35012E-004 -4745.1       0.0000       0.0000       0.0000     
     265  0.16201E-003 0.15234E-003 -2747.2       0.0000       0.0000       0.0000     
     266  0.73949E-004 0.17045E-003 -3133.7       0.0000       0.0000       0.0000     
     267 -0.25278E-005 0.10480E-003 -4626.0       0.0000       0.0000       0.0000     
     268  0.46222E-004-0.42481E-004 -2650.9       0.0000       0.0000       0.0000     
     269  0.35019E-004-0.22019E-004 -1859.1       0.0000       0.0000       0.0000     
     270 -0.24726E-006 0.19994E-006 -1248.7       0.0000       0.0000       0.0000     
     271 -0.13111E-004 0.39841E-004 -3084.0       0.0000       0.0000       0.0000     
     272 -0.19357E-005 0.89483E-004 -3193.3       0.0000       0.0000       0.0000     
     273  0.13408E-003 0.11918E-003 -3132.2       0.0000       0.0000       0.0000     
     274  0.68572E-004 0.99446E-004 -2635.2       0.0000       0.0000       0.0000     
     275  0.27474E-005 0.10790E-004 -1348.6       0.0000       0.0000       0.0000     
     276  0.16774E-004-0.14114E-004 -2613.0       0.0000       0.0000       0.0000     
     277  0.30988E-005-0.36317E-005 -2257.8       0.0000       0.0000       0.0000     
     278  0.14269E-003 0.82133E-004 -2601.5       0.0000       0.0000       0.0000     
     279  0.27651E-004-0.15432E-004 -2430.6       0.0000       0.0000       0.0000     
     280  0.13043E-004 0.92012E-004 -2638.2       0.0000       0.0000       0.0000     
     281  0.26920E-004 0.62362E-004 -1885.9       0.0000       0.0000       0.0000     
     282  0.57637E-004-0.40270E-004 -1538.1       0.0000       0.0000       0.0000     
     283  0.69538E-005-0.61136E-005 -1262.5       0.0000       0.0000       0.0000     
     284 -0.61673E-004-0.28784E-004  4346.0       0.0000       0.0000       0.0000     
     553  0.70169E-006-0.62277E-005  4373.0       0.0000       0.0000       0.0000     
     554 -0.13820E-004 0.60551E-004 -2718.1       0.0000       0.0000       0.0000     
     555  0.50244E-005-0.14359E-004  6333.9       0.0000       0.0000       0.0000     
     556 -0.45116E-005 0.93684E-005 -2577.2       0.0000       0.0000       0.0000     
     557  0.13007E-004-0.20700E-004  3589.2       0.0000       0.0000       0.0000     
     558  0.11386E-004-0.14278E-004 -1491.2       0.0000       0.0000       0.0000     

 *** MAPDL - ENGINEERING ANALYSIS SYSTEM  RELEASE 2026 R1          26.1     ***
 Ansys Mechanical Enterprise Academic Student      
 01055371  VERSION=WINDOWS x64   15:03:50  SEP 27, 2026 Elapsed Time=     13.647

                                                                               


 
  ***** POST1 TOTAL REACTION SOLUTION LISTING *****                            
 
  LOAD STEP=     1  SUBSTEP=     1                                             
   TIME=    1.0000      LOAD CASE=   0                                         
 
  THE FOLLOWING X,Y,Z SOLUTIONS ARE IN THE GLOBAL COORDINATE SYSTEM            
 
    NODE       FX           FY           FZ           MX           MY           MZ    
     559  0.37164E-004-0.37164E-004  2560.4       0.0000       0.0000       0.0000     
     560  0.96760E-004 0.10902E-004  3267.8       0.0000       0.0000       0.0000     
     561  0.89879E-004 0.20514E-004 -1268.5       0.0000       0.0000       0.0000     
     562  0.11611E-003 0.40628E-004  1974.3       0.0000       0.0000       0.0000     
     563  0.91897E-004 0.44255E-004 -1193.6       0.0000       0.0000       0.0000     
     564  0.73944E-004 0.46462E-004  3040.1       0.0000       0.0000       0.0000     
     565  0.15656E-003 0.12485E-003 -1906.0       0.0000       0.0000       0.0000     
     566  0.19941E-006 0.19941E-006  5123.4       0.0000       0.0000       0.0000     
     567 -0.21894E-005 0.19432E-004  3702.5       0.0000       0.0000       0.0000     
     568 -0.70525E-005 0.30899E-004 -1704.2       0.0000       0.0000       0.0000     
     569 -0.24252E-005 0.69307E-005  3335.5       0.0000       0.0000       0.0000     
     570 -0.48723E-006 0.10118E-005 -1407.4       0.0000       0.0000       0.0000     
     571  0.16481E-004-0.26230E-004  2614.9       0.0000       0.0000       0.0000     
     572  0.23121E-005-0.28993E-005 -970.01       0.0000       0.0000       0.0000     
     573  0.35906E-004-0.35906E-004  1726.3       0.0000       0.0000       0.0000     
     574 -0.51117E-004-0.57595E-005  6838.9       0.0000       0.0000       0.0000     
     575  0.25571E-003 0.58365E-004 -2803.3       0.0000       0.0000       0.0000     
     576  0.63413E-004 0.22189E-004  4045.5       0.0000       0.0000       0.0000     
     577  0.11950E-003 0.57548E-004 -1685.2       0.0000       0.0000       0.0000     
     578  0.95420E-004 0.59956E-004  2937.4       0.0000       0.0000       0.0000     
     579  0.77352E-004 0.61686E-004 -1361.1       0.0000       0.0000       0.0000     
     580  0.79234E-004 0.79234E-004  2981.2       0.0000       0.0000       0.0000     
     589 -0.52835E-003-0.10510E-003  4045.3       0.0000       0.0000       0.0000     
     590  0.97424E-004 0.40354E-004 -2027.5       0.0000       0.0000       0.0000     
     591 -0.41379E-003-0.27649E-003  3325.5       0.0000       0.0000       0.0000     
     592  0.78032E-004 0.78032E-004 -1787.1       0.0000       0.0000       0.0000     
     593  0.27268E-004-0.13708E-003  3493.0       0.0000       0.0000       0.0000     
     594 -0.41680E-005 0.10062E-004 -1770.5       0.0000       0.0000       0.0000     
     595 -0.34720E-004 0.51963E-004  2973.5       0.0000       0.0000       0.0000     
     596  0.22505E-004-0.22505E-004 -1642.1       0.0000       0.0000       0.0000     
     845 -0.46411E-003-0.92318E-004  3212.9       0.0000       0.0000       0.0000     
     846  0.90175E-004 0.37352E-004 -1625.8       0.0000       0.0000       0.0000     
     847 -0.34738E-003-0.23211E-003  2569.2       0.0000       0.0000       0.0000     
     848  0.57623E-004 0.57623E-004 -1343.8       0.0000       0.0000       0.0000     
     849  0.18443E-004-0.92717E-004  2244.1       0.0000       0.0000       0.0000     
     850  0.16977E-006-0.40985E-006 -1001.9       0.0000       0.0000       0.0000     
     851 -0.21506E-004 0.32186E-004  1552.4       0.0000       0.0000       0.0000     

 *** MAPDL - ENGINEERING ANALYSIS SYSTEM  RELEASE 2026 R1          26.1     ***
 Ansys Mechanical Enterprise Academic Student      
 01055371  VERSION=WINDOWS x64   15:03:50  SEP 27, 2026 Elapsed Time=     13.648

                                                                               


 
  ***** POST1 TOTAL REACTION SOLUTION LISTING *****                            
 
  LOAD STEP=     1  SUBSTEP=     1                                             
   TIME=    1.0000      LOAD CASE=   0                                         
 
  THE FOLLOWING X,Y,Z SOLUTIONS ARE IN THE GLOBAL COORDINATE SYSTEM            
 
    NODE       FX           FY           FZ           MX           MY           MZ    
     852  0.89386E-005-0.89386E-005 -741.68       0.0000       0.0000       0.0000     
   16169  0.47989E-004 0.60176E-004 -1256.9       0.0000       0.0000       0.0000     
   16170  0.56371E-004 0.89713E-004  2355.1       0.0000       0.0000       0.0000     
   16171  0.24561E-004 0.51001E-004 -928.83       0.0000       0.0000       0.0000     
   16172  0.27824E-004 0.79516E-004  1744.5       0.0000       0.0000       0.0000     
   16173  0.36269E-005 0.15891E-004 -910.75       0.0000       0.0000       0.0000     
   16174  0.81026E-005 0.71913E-004  2173.9       0.0000       0.0000       0.0000     
   16175  0.25655E-003 0.15709E-019 -3183.6       0.0000       0.0000       0.0000     
   16176  0.15622E-004-0.12458E-004 -819.30       0.0000       0.0000       0.0000     
   16177  0.58603E-004-0.36823E-004  1826.3       0.0000       0.0000       0.0000     
   16178  0.63027E-004-0.30352E-004 -1089.7       0.0000       0.0000       0.0000     
   16179  0.68238E-004-0.23877E-004  3083.5       0.0000       0.0000       0.0000     
   16180  0.13133E-003-0.29975E-004 -1976.6       0.0000       0.0000       0.0000     
   16181  0.53143E-004-0.59878E-005  5009.8       0.0000       0.0000       0.0000     
   16182  0.76404E-020 0.62389E-004 -1583.0       0.0000       0.0000       0.0000     
   16183  0.15282E-003 0.19164E-003 -2802.2       0.0000       0.0000       0.0000     
   16184 -0.10037E-004-0.15973E-004  5863.5       0.0000       0.0000       0.0000     
   16185  0.77184E-004 0.16027E-003 -2364.6       0.0000       0.0000       0.0000     
   16186  0.20449E-004 0.58439E-004  3889.6       0.0000       0.0000       0.0000     
   16187  0.17585E-004 0.77045E-004 -1650.7       0.0000       0.0000       0.0000     
   16188  0.56777E-005 0.50391E-004  2978.3       0.0000       0.0000       0.0000     
   16189  0.18798E-003-0.11511E-019 -2360.5       0.0000       0.0000       0.0000     
   16190  0.25667E-004-0.20469E-004 -1127.9       0.0000       0.0000       0.0000     
   16191  0.70977E-004-0.44598E-004  2781.7       0.0000       0.0000       0.0000     
   16192  0.35106E-004-0.16906E-004 -1573.3       0.0000       0.0000       0.0000     
   16193  0.11473E-003-0.40147E-004  3803.1       0.0000       0.0000       0.0000     
   16194  0.13332E-003-0.30430E-004 -2429.4       0.0000       0.0000       0.0000     
   16195  0.16895E-004-0.19036E-005  5970.3       0.0000       0.0000       0.0000     
   16196               0.48543E-004 -1554.3     
   16197 -0.18934E-003 0.12651E-003  2911.2       0.0000       0.0000       0.0000     
   16198  0.66092E-004-0.27376E-004 -1877.3       0.0000       0.0000       0.0000     
   16199 -0.41605E-003 0.82758E-004  3717.1       0.0000       0.0000       0.0000     
   16200 -0.23735E-003-0.35522E-003  3159.2       0.0000       0.0000       0.0000     
   16201  0.24030E-004 0.58015E-004 -1550.4       0.0000       0.0000       0.0000     
   16202 -0.50470E-004-0.25373E-003  2690.7       0.0000       0.0000       0.0000     
   16203  0.10595E-003-0.64877E-020 -2266.9       0.0000       0.0000       0.0000     
   16204 -0.10173E-003 0.67972E-004  1230.4       0.0000       0.0000       0.0000     

 *** MAPDL - ENGINEERING ANALYSIS SYSTEM  RELEASE 2026 R1          26.1     ***
 Ansys Mechanical Enterprise Academic Student      
 01055371  VERSION=WINDOWS x64   15:03:50  SEP 27, 2026 Elapsed Time=     13.649

                                                                               


 
  ***** POST1 TOTAL REACTION SOLUTION LISTING *****                            
 
  LOAD STEP=     1  SUBSTEP=     1                                             
   TIME=    1.0000      LOAD CASE=   0                                         
 
  THE FOLLOWING X,Y,Z SOLUTIONS ARE IN THE GLOBAL COORDINATE SYSTEM            
 
    NODE       FX           FY           FZ           MX           MY           MZ    
   16205  0.38817E-004-0.16079E-004 -947.11       0.0000       0.0000       0.0000     
   16206 -0.28179E-003 0.56052E-004  2191.4       0.0000       0.0000       0.0000     
   16207  0.47177E-020 0.38523E-004 -1381.9       0.0000       0.0000       0.0000     
   16208               0.46048E-004 -1787.4     
   16209 -0.17682E-003-0.26463E-003  2244.4       0.0000       0.0000       0.0000     
   16210  0.23094E-004 0.55755E-004 -1395.0       0.0000       0.0000       0.0000     
   16211 -0.52918E-004-0.26604E-003  2695.1       0.0000       0.0000       0.0000     
   16212  0.70027E-004 0.42879E-020 -1520.4       0.0000       0.0000       0.0000     
   37911  0.11503E-001 0.64941E-002-0.54796E+006

 TOTAL VALUES
 VALUE   0.12113E-007-0.37596E-008 0.30667E-005  0.0000       0.0000       0.0000     
