
 PRINT REACTION SOLUTIONS PER NODE

 *** MAPDL - ENGINEERING ANALYSIS SYSTEM  RELEASE 2026 R1          26.1     ***
 Ansys Mechanical Enterprise Academic Student      
 01055371  VERSION=WINDOWS x64   15:10:18  SEP 27, 2026 Elapsed Time=     34.357

                                                                               


 
  ***** POST1 TOTAL REACTION SOLUTION LISTING *****                            
 
  LOAD STEP=     1  SUBSTEP=     1                                             
   TIME=    1.0000      LOAD CASE=   0                                         
 
  THE FOLLOWING X,Y,Z SOLUTIONS ARE IN THE GLOBAL COORDINATE SYSTEM            
 
    NODE       FX           FY           FZ           MX           MY           MZ    
     361  0.10834E-004 0.19375E-005  2759.5       0.0000       0.0000       0.0000     
     362  0.56608E-005 0.10183E-005  1604.4       0.0000       0.0000       0.0000     
     363  0.53566E-005 0.19594E-005  1659.2       0.0000       0.0000       0.0000     
     364  0.35578E-005 0.20573E-005  1670.9       0.0000       0.0000       0.0000     
     365  0.33638E-006 0.28243E-006  1641.4       0.0000       0.0000       0.0000     
     366  0.24503E-005 0.29256E-005  1629.5       0.0000       0.0000       0.0000     
     367 -0.45613E-006-0.79234E-006  1597.5       0.0000       0.0000       0.0000     
     368  0.11399E-005 0.31354E-005  1514.0       0.0000       0.0000       0.0000     
     369 -0.11542E-005-0.65993E-005  1482.2       0.0000       0.0000       0.0000     
     370 -0.11017E-007 0.54240E-005  1531.3       0.0000       0.0000       0.0000     
     371 -0.51385E-006 0.28632E-005  1714.9       0.0000       0.0000       0.0000     
     372  0.53369E-007-0.14566E-006  1755.6       0.0000       0.0000       0.0000     
     373  0.21506E-005-0.37171E-005  1727.0       0.0000       0.0000       0.0000     
     374  0.65216E-006-0.77760E-006  1615.9       0.0000       0.0000       0.0000     
     375 -0.20416E-005 0.17158E-005  1545.3       0.0000       0.0000       0.0000     
     376 -0.53638E-007 0.30928E-007  1538.9       0.0000       0.0000       0.0000     
     377  0.11693E-004-0.42303E-005  1600.3       0.0000       0.0000       0.0000     
     378  0.29108E-005-0.50258E-006  1669.3       0.0000       0.0000       0.0000     
     379  0.27859E-005 0.13180E-007  1593.7       0.0000       0.0000       0.0000     
     380 -0.32931E-005-0.12076E-005  1782.6       0.0000       0.0000       0.0000     
     381  0.32336E-005 0.18700E-005  1758.2       0.0000       0.0000       0.0000     
     382  0.11222E-005 0.94151E-006  1726.5       0.0000       0.0000       0.0000     
     383  0.13975E-005 0.16650E-005  1712.5       0.0000       0.0000       0.0000     
     384  0.32348E-005 0.56054E-005  1690.8       0.0000       0.0000       0.0000     
     385  0.25329E-005 0.69552E-005  1612.0       0.0000       0.0000       0.0000     
     386  0.65128E-006 0.37179E-005  1572.1       0.0000       0.0000       0.0000     
     387  0.71039E-009-0.51237E-006  1614.1       0.0000       0.0000       0.0000     
     388 -0.10858E-005 0.61334E-005  1647.7       0.0000       0.0000       0.0000     
     389  0.73687E-006-0.20323E-005  1687.6       0.0000       0.0000       0.0000     
     390 -0.10846E-005 0.18814E-005  1675.8       0.0000       0.0000       0.0000     
     391 -0.56239E-005 0.67173E-005  1579.0       0.0000       0.0000       0.0000     
     392 -0.23096E-005 0.19400E-005  1525.7       0.0000       0.0000       0.0000     
     393 -0.52022E-005 0.30011E-005  1532.0       0.0000       0.0000       0.0000     
     394  0.12417E-004 0.33920E-005  1931.6       0.0000       0.0000       0.0000     
     395  0.57312E-005 0.54621E-006  1920.7       0.0000       0.0000       0.0000     
     396  0.30379E-005 0.14243E-005  1926.0       0.0000       0.0000       0.0000     
     397  0.47403E-005 0.33237E-005  1932.1       0.0000       0.0000       0.0000     

 *** MAPDL - ENGINEERING ANALYSIS SYSTEM  RELEASE 2026 R1          26.1     ***
 Ansys Mechanical Enterprise Academic Student      
 01055371  VERSION=WINDOWS x64   15:10:18  SEP 27, 2026 Elapsed Time=     34.358

                                                                               


 
  ***** POST1 TOTAL REACTION SOLUTION LISTING *****                            
 
  LOAD STEP=     1  SUBSTEP=     1                                             
   TIME=    1.0000      LOAD CASE=   0                                         
 
  THE FOLLOWING X,Y,Z SOLUTIONS ARE IN THE GLOBAL COORDINATE SYSTEM            
 
    NODE       FX           FY           FZ           MX           MY           MZ    
     398  0.37252E-005 0.37332E-005  1934.4       0.0000       0.0000       0.0000     
     399 -0.11856E-005-0.17003E-005  1883.5       0.0000       0.0000       0.0000     
     400  0.32308E-005 0.69452E-005  1838.4       0.0000       0.0000       0.0000     
     401 -0.85765E-006-0.32190E-005  1847.2       0.0000       0.0000       0.0000     
     402  0.78829E-006 0.93732E-005  1839.6       0.0000       0.0000       0.0000     
     403  0.14138E-005-0.15570E-004  1827.7       0.0000       0.0000       0.0000     
     404  0.28184E-005-0.10317E-004  1939.9       0.0000       0.0000       0.0000     
     405 -0.18591E-005 0.20167E-004  1940.6       0.0000       0.0000       0.0000     
     406  0.43849E-005-0.93372E-005  1930.9       0.0000       0.0000       0.0000     
     407 -0.79515E-005 0.11357E-004  1898.9       0.0000       0.0000       0.0000     
     408  0.83779E-005-0.83991E-005  1867.2       0.0000       0.0000       0.0000     
     409  0.16975E-004-0.11893E-004  1871.7       0.0000       0.0000       0.0000     
     410  0.17782E-004-0.82367E-005  1893.0       0.0000       0.0000       0.0000     
     411  0.24914E-004-0.65266E-005  1933.2       0.0000       0.0000       0.0000     
     412  0.34323E-004-0.27660E-005  1944.7       0.0000       0.0000       0.0000     
     413  0.12065E-004 0.56673E-005  2000.7       0.0000       0.0000       0.0000     
     414 -0.52026E-005-0.36456E-005  2000.7       0.0000       0.0000       0.0000     
     415 -0.18985E-004-0.18975E-004  1991.7       0.0000       0.0000       0.0000     
     416 -0.83881E-005-0.11982E-004  1951.8       0.0000       0.0000       0.0000     
     417  0.94040E-005 0.20141E-004  1896.0       0.0000       0.0000       0.0000     
     418 -0.57393E-005-0.21477E-004  1906.8       0.0000       0.0000       0.0000     
     419  0.51693E-006 0.60795E-005  1896.0       0.0000       0.0000       0.0000     
     420 -0.78129E-005 0.29221E-004  1860.8       0.0000       0.0000       0.0000     
     421  0.89437E-006-0.19263E-005  1865.5       0.0000       0.0000       0.0000     
     422  0.10925E-004-0.15677E-004  1862.1       0.0000       0.0000       0.0000     
     423 -0.87956E-005 0.88257E-005  1884.0       0.0000       0.0000       0.0000     
     424 -0.51540E-006 0.36101E-006  1876.6       0.0000       0.0000       0.0000     
     425 -0.67161E-008-0.12180E-008  2276.1       0.0000       0.0000       0.0000     
     426 -0.13695E-004-0.97651E-007  2293.5       0.0000       0.0000       0.0000     
     427  0.17652E-005 0.64684E-006  2221.9       0.0000       0.0000       0.0000     
     428  0.81043E-005 0.46837E-005  2186.2       0.0000       0.0000       0.0000     
     429 -0.55781E-005-0.46818E-005  2254.5       0.0000       0.0000       0.0000     
     430 -0.57864E-005-0.69073E-005  2199.0       0.0000       0.0000       0.0000     
     431  0.37291E-005 0.64924E-005  2131.5       0.0000       0.0000       0.0000     
     432 -0.11055E-005-0.30520E-005  2197.6       0.0000       0.0000       0.0000     
     433 -0.14141E-005-0.81485E-005  2215.7       0.0000       0.0000       0.0000     
     434 -0.12973E-008 0.74276E-006  2151.8       0.0000       0.0000       0.0000     

 *** MAPDL - ENGINEERING ANALYSIS SYSTEM  RELEASE 2026 R1          26.1     ***
 Ansys Mechanical Enterprise Academic Student      
 01055371  VERSION=WINDOWS x64   15:10:18  SEP 27, 2026 Elapsed Time=     34.358

                                                                               


 
  ***** POST1 TOTAL REACTION SOLUTION LISTING *****                            
 
  LOAD STEP=     1  SUBSTEP=     1                                             
   TIME=    1.0000      LOAD CASE=   0                                         
 
  THE FOLLOWING X,Y,Z SOLUTIONS ARE IN THE GLOBAL COORDINATE SYSTEM            
 
    NODE       FX           FY           FZ           MX           MY           MZ    
     435  0.82784E-006-0.45607E-005  2170.6       0.0000       0.0000       0.0000     
     436 -0.26124E-007 0.83297E-005  2237.5       0.0000       0.0000       0.0000     
     437  0.11548E-005-0.31228E-005  2126.9       0.0000       0.0000       0.0000     
     438  0.31120E-005-0.53526E-005  2106.6       0.0000       0.0000       0.0000     
     439  0.41649E-005-0.49548E-005  2165.6       0.0000       0.0000       0.0000     
     440  0.70865E-005-0.59504E-005  2206.2       0.0000       0.0000       0.0000     
     441  0.46915E-005-0.27038E-005  2238.4       0.0000       0.0000       0.0000     
     442  0.78914E-006-0.28425E-006  2241.4       0.0000       0.0000       0.0000     
     443  0.67142E-005-0.11405E-005  2209.2       0.0000       0.0000       0.0000     
     444 -0.64023E-005-0.23586E-005  2268.0       0.0000       0.0000       0.0000     
     445 -0.42724E-005-0.24770E-005  2255.6       0.0000       0.0000       0.0000     
     446 -0.14601E-004-0.12258E-004  2280.2       0.0000       0.0000       0.0000     
     447 -0.62756E-005-0.74797E-005  2250.5       0.0000       0.0000       0.0000     
     448  0.36927E-005 0.64244E-005  2150.1       0.0000       0.0000       0.0000     
     449 -0.19592E-005-0.53930E-005  2206.3       0.0000       0.0000       0.0000     
     450 -0.11446E-005-0.65493E-005  2243.0       0.0000       0.0000       0.0000     
     451 -0.21169E-005 0.12243E-004  2046.4       0.0000       0.0000       0.0000     
     452 -0.58220E-006 0.16062E-005  2060.2       0.0000       0.0000       0.0000     
     453 -0.40842E-005 0.71042E-005  2033.2       0.0000       0.0000       0.0000     
     454 -0.43332E-006 0.51787E-006  2200.6       0.0000       0.0000       0.0000     
     455 -0.59884E-005 0.50312E-005  2250.9       0.0000       0.0000       0.0000     
     456  0.26839E-005-0.15466E-005  2272.9       0.0000       0.0000       0.0000     
     457  0.20540E-005 0.55623E-006  2519.6       0.0000       0.0000       0.0000     
     458  0.68753E-007 0.63578E-008  2504.8       0.0000       0.0000       0.0000     
     459  0.21013E-004 0.98081E-005  2509.2       0.0000       0.0000       0.0000     
     460  0.20938E-004 0.14662E-004  2527.3       0.0000       0.0000       0.0000     
     461 -0.61433E-005-0.61382E-005  2509.7       0.0000       0.0000       0.0000     
     462 -0.83474E-005-0.11943E-004  2468.2       0.0000       0.0000       0.0000     
     463 -0.72181E-005-0.15570E-004  2407.9       0.0000       0.0000       0.0000     
     464 -0.27005E-005-0.10177E-004  2409.1       0.0000       0.0000       0.0000     
     465  0.26599E-005 0.30998E-004  2376.6       0.0000       0.0000       0.0000     
     466  0.43963E-006-0.52394E-005  2311.9       0.0000       0.0000       0.0000     
     467  0.59569E-005-0.21748E-004  2409.3       0.0000       0.0000       0.0000     
     468 -0.13688E-005 0.14903E-004  2419.7       0.0000       0.0000       0.0000     
     469 -0.19910E-007-0.23429E-006  2428.3       0.0000       0.0000       0.0000     
     470  0.72193E-005-0.15280E-004  2356.5       0.0000       0.0000       0.0000     
     471  0.12690E-004 0.34451E-005  2494.7       0.0000       0.0000       0.0000     

 *** MAPDL - ENGINEERING ANALYSIS SYSTEM  RELEASE 2026 R1          26.1     ***
 Ansys Mechanical Enterprise Academic Student      
 01055371  VERSION=WINDOWS x64   15:10:18  SEP 27, 2026 Elapsed Time=     34.358

                                                                               


 
  ***** POST1 TOTAL REACTION SOLUTION LISTING *****                            
 
  LOAD STEP=     1  SUBSTEP=     1                                             
   TIME=    1.0000      LOAD CASE=   0                                         
 
  THE FOLLOWING X,Y,Z SOLUTIONS ARE IN THE GLOBAL COORDINATE SYSTEM            
 
    NODE       FX           FY           FZ           MX           MY           MZ    
     472 -0.26258E-004-0.23948E-005  2471.6       0.0000       0.0000       0.0000     
     473 -0.88029E-007 0.73709E-008  2474.2       0.0000       0.0000       0.0000     
     474 -0.46684E-005-0.21931E-005  2475.9       0.0000       0.0000       0.0000     
     475  0.86978E-006 0.61073E-006  2483.9       0.0000       0.0000       0.0000     
     476 -0.13580E-004-0.13587E-004  2516.2       0.0000       0.0000       0.0000     
     477 -0.21042E-004-0.30132E-004  2510.2       0.0000       0.0000       0.0000     
     478  0.25812E-006 0.55695E-006  2406.6       0.0000       0.0000       0.0000     
     479 -0.63067E-006-0.23637E-005  2407.6       0.0000       0.0000       0.0000     
     480 -0.71886E-005 0.27231E-004  2446.4       0.0000       0.0000       0.0000     
     481 -0.24418E-005 0.52608E-005  2418.8       0.0000       0.0000       0.0000     
     482  0.97836E-005-0.14009E-004  2452.7       0.0000       0.0000       0.0000     
     483  0.46055E-005-0.46131E-005  2445.3       0.0000       0.0000       0.0000     
     484 -0.19059E-004 0.13335E-004  2444.2       0.0000       0.0000       0.0000     
     485  0.86213E-005-0.39998E-005  2459.0       0.0000       0.0000       0.0000     
     486  0.23738E-004-0.62811E-005  2458.9       0.0000       0.0000       0.0000     
     487  0.62332E-005 0.22773E-005  2814.1       0.0000       0.0000       0.0000     
     488  0.13960E-004 0.80602E-005  2863.5       0.0000       0.0000       0.0000     
     489  0.24240E-005-0.64922E-005  2642.1       0.0000       0.0000       0.0000     
     490  0.15624E-005-0.26617E-005  2590.7       0.0000       0.0000       0.0000     
     491 -0.59867E-005 0.84984E-005  2346.8       0.0000       0.0000       0.0000     
     492  0.38773E-005 0.14187E-005  2704.4       0.0000       0.0000       0.0000     
     493  0.12399E-004 0.71798E-005  2702.9       0.0000       0.0000       0.0000     
     494 -0.23976E-005 0.66125E-005  2816.3       0.0000       0.0000       0.0000     
     495 -0.26967E-006 0.46882E-006  2866.9       0.0000       0.0000       0.0000     
     496  0.31790E-005-0.83531E-006  2443.5       0.0000       0.0000       0.0000     
     497  0.12026E-005-0.25133E-005  3101.6       0.0000       0.0000       0.0000     
     498  0.54875E-006-0.38381E-006  2401.0       0.0000       0.0000       0.0000     
     499 -0.22913E-005 0.10627E-005  2428.8       0.0000       0.0000       0.0000     
     500  0.11034E-004 0.40212E-005  3378.9       0.0000       0.0000       0.0000     
     501  0.44818E-004 0.12067E-004  3090.2       0.0000       0.0000       0.0000     
     502  0.96107E-005-0.16567E-005  2688.0       0.0000       0.0000       0.0000     
     503  0.54363E-005 0.31393E-005  3392.3       0.0000       0.0000       0.0000     
     504  0.61532E-005 0.43072E-005  3122.1       0.0000       0.0000       0.0000     
     505 -0.97052E-006 0.36385E-005  3197.4       0.0000       0.0000       0.0000     
     506  0.24185E-005-0.65498E-005  3647.0       0.0000       0.0000       0.0000     
     507 -0.31967E-006 0.11607E-005  3188.0       0.0000       0.0000       0.0000     
     508  0.10613E-004-0.18193E-004  3582.0       0.0000       0.0000       0.0000     

 *** MAPDL - ENGINEERING ANALYSIS SYSTEM  RELEASE 2026 R1          26.1     ***
 Ansys Mechanical Enterprise Academic Student      
 01055371  VERSION=WINDOWS x64   15:10:18  SEP 27, 2026 Elapsed Time=     34.358

                                                                               


 
  ***** POST1 TOTAL REACTION SOLUTION LISTING *****                            
 
  LOAD STEP=     1  SUBSTEP=     1                                             
   TIME=    1.0000      LOAD CASE=   0                                         
 
  THE FOLLOWING X,Y,Z SOLUTIONS ARE IN THE GLOBAL COORDINATE SYSTEM            
 
    NODE       FX           FY           FZ           MX           MY           MZ    
     509  0.34751E-005-0.41294E-005  2562.8       0.0000       0.0000       0.0000     
     510  0.25470E-005-0.21335E-005  2583.0       0.0000       0.0000       0.0000     
     511 -0.25673E-005 0.14813E-005  2591.4       0.0000       0.0000       0.0000     
     512  0.84173E-005-0.30475E-005  2624.5       0.0000       0.0000       0.0000     
     513  0.29282E-005 0.10660E-005  3367.0       0.0000       0.0000       0.0000     
     514 -0.17919E-004-0.48139E-005  3023.2       0.0000       0.0000       0.0000     
     515 -0.34488E-005-0.19922E-005  3380.6       0.0000       0.0000       0.0000     
     516  0.17639E-005 0.12357E-005  3038.9       0.0000       0.0000       0.0000     
     517 -0.97493E-005 0.26855E-004  3597.0       0.0000       0.0000       0.0000     
     518 -0.11053E-004 0.19164E-004  3581.3       0.0000       0.0000       0.0000     
     519 -0.15444E-004 0.22100E-004  3209.2       0.0000       0.0000       0.0000     
     520  0.56895E-005 0.51256E-006  3087.2       0.0000       0.0000       0.0000     
     521  0.11059E-004-0.93923E-006  3141.9       0.0000       0.0000       0.0000     
     522 -0.82389E-006 0.21940E-006  3172.5       0.0000       0.0000       0.0000     
     523  0.60610E-005 0.60545E-005  3135.4       0.0000       0.0000       0.0000     
     524 -0.94784E-005-0.13533E-004  3198.1       0.0000       0.0000       0.0000     
     525 -0.90655E-005-0.19465E-004  3211.0       0.0000       0.0000       0.0000     
     526 -0.67358E-005-0.25341E-004  3227.6       0.0000       0.0000       0.0000     
     527  0.27660E-005 0.32391E-004  3174.2       0.0000       0.0000       0.0000     
     528 -0.12387E-005 0.14124E-004  3151.8       0.0000       0.0000       0.0000     
     529 -0.10604E-005 0.11718E-004  3165.3       0.0000       0.0000       0.0000     
     530  0.49164E-005 0.56889E-004  3180.0       0.0000       0.0000       0.0000     
     531  0.12451E-004 0.46538E-004  3149.8       0.0000       0.0000       0.0000     
     532  0.18382E-004-0.18350E-004  3167.8       0.0000       0.0000       0.0000     
     533  0.18922E-004-0.13235E-004  3175.4       0.0000       0.0000       0.0000     
     534  0.20467E-005-0.95354E-006  3186.8       0.0000       0.0000       0.0000     
     535  0.88171E-005 0.78286E-006  3042.9       0.0000       0.0000       0.0000     
     536  0.14921E-004-0.12931E-005  3103.1       0.0000       0.0000       0.0000     
     537  0.22316E-004-0.59741E-005  3117.2       0.0000       0.0000       0.0000     
     538 -0.11963E-004-0.11971E-004  3076.6       0.0000       0.0000       0.0000     
     539  0.86778E-005 0.12411E-004  3140.5       0.0000       0.0000       0.0000     
     540  0.52860E-005 0.11355E-004  3140.3       0.0000       0.0000       0.0000     
     541 -0.21154E-004 0.21146E-004  3187.0       0.0000       0.0000       0.0000     
     542 -0.24473E-004 0.17111E-004  3178.4       0.0000       0.0000       0.0000     
     543 -0.99997E-006 0.46583E-006  3153.3       0.0000       0.0000       0.0000     
     544 -0.14529E-005-0.20826E-008  3551.7       0.0000       0.0000       0.0000     
     545 -0.51603E-005 0.90533E-006  3639.1       0.0000       0.0000       0.0000     

 *** MAPDL - ENGINEERING ANALYSIS SYSTEM  RELEASE 2026 R1          26.1     ***
 Ansys Mechanical Enterprise Academic Student      
 01055371  VERSION=WINDOWS x64   15:10:18  SEP 27, 2026 Elapsed Time=     34.359

                                                                               


 
  ***** POST1 TOTAL REACTION SOLUTION LISTING *****                            
 
  LOAD STEP=     1  SUBSTEP=     1                                             
   TIME=    1.0000      LOAD CASE=   0                                         
 
  THE FOLLOWING X,Y,Z SOLUTIONS ARE IN THE GLOBAL COORDINATE SYSTEM            
 
    NODE       FX           FY           FZ           MX           MY           MZ    
     546 -0.81099E-006-0.96629E-006  3567.8       0.0000       0.0000       0.0000     
     547  0.11905E-005 0.20630E-005  3691.9       0.0000       0.0000       0.0000     
     548  0.21828E-005 0.12475E-004  3877.1       0.0000       0.0000       0.0000     
     549 -0.33500E-008 0.78643E-005  3792.0       0.0000       0.0000       0.0000     
     550 -0.15978E-008 0.22040E-005  3761.6       0.0000       0.0000       0.0000     
     551  0.37106E-005 0.21062E-004  3788.9       0.0000       0.0000       0.0000     
     552  0.59409E-005-0.49799E-005  3807.6       0.0000       0.0000       0.0000     
     553  0.38652E-005-0.22316E-005  3823.5       0.0000       0.0000       0.0000     
     554 -0.65745E-005-0.45846E-008  3383.3       0.0000       0.0000       0.0000     
     555  0.94954E-005-0.16755E-005  3479.4       0.0000       0.0000       0.0000     
     556  0.17490E-005 0.20856E-005  3423.7       0.0000       0.0000       0.0000     
     557  0.16941E-005 0.29386E-005  3545.9       0.0000       0.0000       0.0000     
     558  0.23620E-005-0.19802E-005  3772.4       0.0000       0.0000       0.0000     
     559  0.71058E-005-0.41007E-005  3755.2       0.0000       0.0000       0.0000     
     560  0.10707E-006-0.60888E-006  3689.5       0.0000       0.0000       0.0000     
     561 -0.72057E-005 0.85891E-005  3698.7       0.0000       0.0000       0.0000     
     562  0.85050E-005-0.30964E-005  3644.2       0.0000       0.0000       0.0000     
     563  0.27802E-005 0.49172E-006  3362.2       0.0000       0.0000       0.0000     
     564 -0.26372E-005-0.22130E-005  3392.5       0.0000       0.0000       0.0000     
     565  0.53589E-005 0.14740E-004  3703.7       0.0000       0.0000       0.0000     
     566  0.15661E-005-0.87919E-005  3686.2       0.0000       0.0000       0.0000     
     567  0.33890E-005-0.40351E-005  3688.2       0.0000       0.0000       0.0000     
     568  0.77845E-005-0.28315E-005  3771.7       0.0000       0.0000       0.0000     
     569 -0.34802E-005-0.61593E-006  3421.3       0.0000       0.0000       0.0000     
     570 -0.43315E-005-0.36335E-005  3451.4       0.0000       0.0000       0.0000     
     571  0.42544E-005 0.11711E-004  3848.2       0.0000       0.0000       0.0000     
     572 -0.10599E-005 0.18416E-006  1768.4       0.0000       0.0000       0.0000     
     573  0.65865E-005-0.11355E-005  2184.3       0.0000       0.0000       0.0000     
     574  0.32302E-005 0.97353E-008  1807.7       0.0000       0.0000       0.0000     
     575  0.15828E-005 0.72598E-008  2194.4       0.0000       0.0000       0.0000     
     576 -0.15753E-004 0.12983E-005  1998.2       0.0000       0.0000       0.0000     
     577  0.41801E-005 0.74549E-006  1799.3       0.0000       0.0000       0.0000     
     578  0.28972E-004 0.78835E-005  2039.9       0.0000       0.0000       0.0000     
     579 -0.67372E-005-0.12109E-005  2253.7       0.0000       0.0000       0.0000     
     580  0.13864E-004 0.12749E-005  2003.0       0.0000       0.0000       0.0000     
     581 -0.11894E-005 0.43061E-006  1618.7       0.0000       0.0000       0.0000     
     582  0.27684E-005-0.99916E-006  2263.4       0.0000       0.0000       0.0000     

 *** MAPDL - ENGINEERING ANALYSIS SYSTEM  RELEASE 2026 R1          26.1     ***
 Ansys Mechanical Enterprise Academic Student      
 01055371  VERSION=WINDOWS x64   15:10:18  SEP 27, 2026 Elapsed Time=     34.359

                                                                               


 
  ***** POST1 TOTAL REACTION SOLUTION LISTING *****                            
 
  LOAD STEP=     1  SUBSTEP=     1                                             
   TIME=    1.0000      LOAD CASE=   0                                         
 
  THE FOLLOWING X,Y,Z SOLUTIONS ARE IN THE GLOBAL COORDINATE SYSTEM            
 
    NODE       FX           FY           FZ           MX           MY           MZ    
     583 -0.14045E-004 0.36923E-005  1956.1       0.0000       0.0000       0.0000     
     584  0.18735E-005-0.86860E-006  1911.1       0.0000       0.0000       0.0000     
     585  0.99460E-005-0.14051E-004  3027.2       0.0000       0.0000       0.0000     
     586  0.98395E-005 0.45916E-005  3038.2       0.0000       0.0000       0.0000     
     587 -0.93176E-005 0.20048E-004  3212.5       0.0000       0.0000       0.0000     
     588  0.34507E-004 0.16113E-004  3112.0       0.0000       0.0000       0.0000     
     589 -0.15312E-004-0.67137E-007  2699.5       0.0000       0.0000       0.0000     
     590  0.15809E-004-0.12862E-005  2469.0       0.0000       0.0000       0.0000     
     591 -0.26040E-005 0.25987E-005  2382.9       0.0000       0.0000       0.0000     
     592  0.20498E-005-0.11348E-004  2668.4       0.0000       0.0000       0.0000     
     593 -0.22242E-007 0.87912E-005  2615.0       0.0000       0.0000       0.0000     
     594  0.11080E-005 0.63085E-005  2590.1       0.0000       0.0000       0.0000     
     595  0.75917E-005 0.20926E-004  2613.1       0.0000       0.0000       0.0000     
     596 -0.30255E-005-0.52673E-005  2768.4       0.0000       0.0000       0.0000     
     597 -0.75681E-005-0.90280E-005  2788.3       0.0000       0.0000       0.0000     
     598  0.30033E-005 0.25215E-005  2727.4       0.0000       0.0000       0.0000     
     599  0.86193E-005 0.72287E-005  2794.3       0.0000       0.0000       0.0000     
     600  0.51277E-005 0.61100E-005  2784.8       0.0000       0.0000       0.0000     
     601 -0.14421E-005-0.25050E-005  2746.6       0.0000       0.0000       0.0000     
     602 -0.32712E-005-0.90374E-005  2620.1       0.0000       0.0000       0.0000     
     603 -0.44822E-006-0.25852E-005  2579.0       0.0000       0.0000       0.0000     
     604 -0.15640E-007 0.28333E-004  2565.5       0.0000       0.0000       0.0000     
     605 -0.27246E-005 0.15806E-004  2698.9       0.0000       0.0000       0.0000     
     606 -0.12728E-005 0.15185E-005  2700.8       0.0000       0.0000       0.0000     
     607 -0.25752E-005 0.21593E-005  2637.2       0.0000       0.0000       0.0000     
     608 -0.43247E-005 0.24930E-005  2625.2       0.0000       0.0000       0.0000     
     609 -0.14087E-005 0.51113E-006  2659.9       0.0000       0.0000       0.0000     
     610  0.24747E-005-0.43292E-006  2744.7       0.0000       0.0000       0.0000     
     611  0.90414E-005 0.23429E-007  2765.3       0.0000       0.0000       0.0000     
     612  0.11700E-004 0.20876E-005  2710.3       0.0000       0.0000       0.0000     
     613 -0.16247E-004 0.59166E-005 -1581.9       0.0000       0.0000       0.0000     
     614  0.11741E-004-0.67719E-005 -1600.5       0.0000       0.0000       0.0000     
     615  0.23594E-004-0.19759E-004 -1605.6       0.0000       0.0000       0.0000     
     616  0.21631E-004-0.25790E-004 -1614.2       0.0000       0.0000       0.0000     
     617 -0.14732E-004-0.40574E-004 -1588.6       0.0000       0.0000       0.0000     
     618 -0.57910E-005-0.10062E-004 -1575.2       0.0000       0.0000       0.0000     
     619  0.41741E-005 0.49809E-005 -1562.2       0.0000       0.0000       0.0000     

 *** MAPDL - ENGINEERING ANALYSIS SYSTEM  RELEASE 2026 R1          26.1     ***
 Ansys Mechanical Enterprise Academic Student      
 01055371  VERSION=WINDOWS x64   15:10:18  SEP 27, 2026 Elapsed Time=     34.359

                                                                               


 
  ***** POST1 TOTAL REACTION SOLUTION LISTING *****                            
 
  LOAD STEP=     1  SUBSTEP=     1                                             
   TIME=    1.0000      LOAD CASE=   0                                         
 
  THE FOLLOWING X,Y,Z SOLUTIONS ARE IN THE GLOBAL COORDINATE SYSTEM            
 
    NODE       FX           FY           FZ           MX           MY           MZ    
     620  0.52570E-005 0.44115E-005 -1532.9       0.0000       0.0000       0.0000     
     621 -0.22594E-004 0.39902E-005 -1562.5       0.0000       0.0000       0.0000     
     622 -0.10199E-004-0.15294E-007 -1539.3       0.0000       0.0000       0.0000     
     623 -0.14346E-005-0.25463E-006 -1524.6       0.0000       0.0000       0.0000     
     624 -0.92972E-005 0.33793E-005 -1606.6       0.0000       0.0000       0.0000     
     625 -0.14016E-004 0.80922E-005 -1610.3       0.0000       0.0000       0.0000     
     626 -0.25021E-004 0.20948E-004 -1603.4       0.0000       0.0000       0.0000     
     627 -0.15056E-004 0.17907E-004 -1575.6       0.0000       0.0000       0.0000     
     628 -0.11697E-004-0.66462E-004 -1597.8       0.0000       0.0000       0.0000     
     629  0.60334E-007-0.38290E-004 -1599.1       0.0000       0.0000       0.0000     
     630 -0.63835E-006 0.35417E-005 -1592.8       0.0000       0.0000       0.0000     
     631  0.30214E-005-0.17236E-004 -1602.9       0.0000       0.0000       0.0000     
     632  0.34492E-007-0.37190E-004 -1600.7       0.0000       0.0000       0.0000     
     633 -0.11745E-005-0.67745E-005 -1616.8       0.0000       0.0000       0.0000     
     634  0.75880E-005 0.20933E-004 -1625.0       0.0000       0.0000       0.0000     
     635  0.12223E-004 0.21192E-004 -1612.1       0.0000       0.0000       0.0000     
     636 -0.12762E-005-0.15202E-005 -1590.6       0.0000       0.0000       0.0000     
     637 -0.10318E-004-0.86530E-005 -1575.0       0.0000       0.0000       0.0000     
     638 -0.49533E-005 0.86392E-006 -1590.8       0.0000       0.0000       0.0000     
     639 -0.52568E-005-0.16297E-007 -1563.6       0.0000       0.0000       0.0000     
     640 -0.27036E-004-0.48052E-005 -1551.3       0.0000       0.0000       0.0000     
     641  0.16276E-004-0.28253E-004 -1605.1       0.0000       0.0000       0.0000     
     642  0.10259E-004-0.28345E-004 -1617.3       0.0000       0.0000       0.0000     
     643 -0.11809E-004-0.68252E-005 -1523.1       0.0000       0.0000       0.0000     
     644  0.54241E-005 0.19751E-005 -1521.3       0.0000       0.0000       0.0000     
     645 -0.45676E-005 0.16461E-005 -1216.2       0.0000       0.0000       0.0000     
     646 -0.19113E-005 0.11021E-005 -1204.4       0.0000       0.0000       0.0000     
     647 -0.46775E-005 0.39207E-005 -1196.3       0.0000       0.0000       0.0000     
     648 -0.14550E-005 0.17272E-005 -1179.8       0.0000       0.0000       0.0000     
     649 -0.10704E-004 0.18129E-004 -1558.5       0.0000       0.0000       0.0000     
     650 -0.32043E-005 0.85350E-005 -1578.7       0.0000       0.0000       0.0000     
     651 -0.27866E-004-0.16096E-004 -1556.5       0.0000       0.0000       0.0000     
     652 -0.14259E-004 0.24242E-005 -1235.3       0.0000       0.0000       0.0000     
     653 -0.48602E-004-0.17740E-004 -1554.5       0.0000       0.0000       0.0000     
     654 -0.18618E-004 0.32207E-005 -1240.7       0.0000       0.0000       0.0000     
     655 -0.21332E-004 0.77067E-005 -1227.0       0.0000       0.0000       0.0000     
     656  0.80519E-005-0.46384E-005 -1222.3       0.0000       0.0000       0.0000     

 *** MAPDL - ENGINEERING ANALYSIS SYSTEM  RELEASE 2026 R1          26.1     ***
 Ansys Mechanical Enterprise Academic Student      
 01055371  VERSION=WINDOWS x64   15:10:18  SEP 27, 2026 Elapsed Time=     34.359

                                                                               


 
  ***** POST1 TOTAL REACTION SOLUTION LISTING *****                            
 
  LOAD STEP=     1  SUBSTEP=     1                                             
   TIME=    1.0000      LOAD CASE=   0                                         
 
  THE FOLLOWING X,Y,Z SOLUTIONS ARE IN THE GLOBAL COORDINATE SYSTEM            
 
    NODE       FX           FY           FZ           MX           MY           MZ    
     657  0.93960E-005-0.78900E-005 -1220.9       0.0000       0.0000       0.0000     
     658 -0.82263E-005 0.98212E-005 -1227.8       0.0000       0.0000       0.0000     
     659 -0.10683E-005 0.18605E-005 -1227.9       0.0000       0.0000       0.0000     
     660  0.69956E-005-0.19253E-004 -1219.1       0.0000       0.0000       0.0000     
     661  0.34683E-005-0.20530E-004 -1196.7       0.0000       0.0000       0.0000     
     662  0.18671E-006 0.10656E-005 -1206.6       0.0000       0.0000       0.0000     
     663 -0.21349E-005-0.58904E-005 -1207.8       0.0000       0.0000       0.0000     
     664  0.78806E-005 0.13752E-004 -1233.6       0.0000       0.0000       0.0000     
     665  0.25852E-004 0.30826E-004 -1255.6       0.0000       0.0000       0.0000     
     666  0.12176E-004 0.10228E-004 -1251.9       0.0000       0.0000       0.0000     
     667 -0.12312E-005-0.71450E-006 -1242.8       0.0000       0.0000       0.0000     
     668 -0.70766E-005-0.26040E-005 -1242.2       0.0000       0.0000       0.0000     
     669  0.97104E-005 0.37598E-007 -1239.7       0.0000       0.0000       0.0000     
     670  0.32250E-005 0.57900E-006 -1242.9       0.0000       0.0000       0.0000     
     671 -0.48505E-005 0.83208E-005 -1176.4       0.0000       0.0000       0.0000     
     672 -0.93278E-005 0.25143E-004 -1198.8       0.0000       0.0000       0.0000     
     673  0.46221E-007-0.12691E-004 -1210.2       0.0000       0.0000       0.0000     
     674 -0.23628E-005 0.13047E-004 -1212.4       0.0000       0.0000       0.0000     
     675  0.23721E-008-0.20949E-004 -1179.9       0.0000       0.0000       0.0000     
     676 -0.91255E-006-0.52626E-005 -1198.3       0.0000       0.0000       0.0000     
     677  0.72785E-005 0.20142E-004 -1207.0       0.0000       0.0000       0.0000     
     678  0.78917E-005 0.13738E-004 -1222.5       0.0000       0.0000       0.0000     
     679  0.84354E-005 0.10055E-004 -1247.8       0.0000       0.0000       0.0000     
     680 -0.78004E-005-0.65425E-005 -1261.7       0.0000       0.0000       0.0000     
     681 -0.30639E-004-0.17681E-004 -1264.7       0.0000       0.0000       0.0000     
     682 -0.15216E-004-0.55652E-005 -1264.2       0.0000       0.0000       0.0000     
     683 -0.49376E-005-0.88947E-006 -1256.1       0.0000       0.0000       0.0000     
     684 -0.73565E-006 0.42412E-006 -957.05       0.0000       0.0000       0.0000     
     685  0.78558E-005-0.66044E-005 -951.45       0.0000       0.0000       0.0000     
     686  0.51747E-006-0.61922E-006 -940.59       0.0000       0.0000       0.0000     
     687 -0.55055E-005 0.95626E-005 -938.72       0.0000       0.0000       0.0000     
     688  0.50475E-005-0.13964E-004 -933.31       0.0000       0.0000       0.0000     
     689  0.21629E-005-0.12178E-004 -931.88       0.0000       0.0000       0.0000     
     690  0.34823E-007-0.13778E-004 -965.02       0.0000       0.0000       0.0000     
     691  0.19526E-005 0.11207E-004 -959.93       0.0000       0.0000       0.0000     
     692  0.21727E-006 0.59635E-006 -953.27       0.0000       0.0000       0.0000     
     693 -0.45291E-005-0.78511E-005 -970.61       0.0000       0.0000       0.0000     

 *** MAPDL - ENGINEERING ANALYSIS SYSTEM  RELEASE 2026 R1          26.1     ***
 Ansys Mechanical Enterprise Academic Student      
 01055371  VERSION=WINDOWS x64   15:10:18  SEP 27, 2026 Elapsed Time=     34.360

                                                                               


 
  ***** POST1 TOTAL REACTION SOLUTION LISTING *****                            
 
  LOAD STEP=     1  SUBSTEP=     1                                             
   TIME=    1.0000      LOAD CASE=   0                                         
 
  THE FOLLOWING X,Y,Z SOLUTIONS ARE IN THE GLOBAL COORDINATE SYSTEM            
 
    NODE       FX           FY           FZ           MX           MY           MZ    
     694  0.16395E-004 0.19530E-004 -989.42       0.0000       0.0000       0.0000     
     695  0.21090E-004 0.17692E-004 -1002.9       0.0000       0.0000       0.0000     
     696 -0.23655E-005-0.13699E-005 -1007.0       0.0000       0.0000       0.0000     
     697 -0.15235E-004-0.56203E-005 -1014.5       0.0000       0.0000       0.0000     
     698 -0.16900E-004-0.14598E-006 -973.35       0.0000       0.0000       0.0000     
     699 -0.35951E-004 0.61001E-005 -974.76       0.0000       0.0000       0.0000     
     700 -0.28816E-004 0.10373E-004 -962.26       0.0000       0.0000       0.0000     
     701 -0.22841E-004 0.13157E-004 -949.43       0.0000       0.0000       0.0000     
     702 -0.17443E-004 0.14677E-004 -943.03       0.0000       0.0000       0.0000     
     703 -0.19320E-005 0.23046E-005 -947.73       0.0000       0.0000       0.0000     
     704 -0.29999E-005 0.51761E-005 -961.19       0.0000       0.0000       0.0000     
     705 -0.54216E-005 0.14718E-004 -970.12       0.0000       0.0000       0.0000     
     706 -0.27602E-006 0.15164E-005 -973.99       0.0000       0.0000       0.0000     
     707 -0.14471E-007 0.38945E-005 -918.99       0.0000       0.0000       0.0000     
     708  0.44978E-006 0.25893E-005 -931.23       0.0000       0.0000       0.0000     
     709 -0.10602E-006-0.29187E-006 -930.01       0.0000       0.0000       0.0000     
     710 -0.21290E-005-0.37070E-005 -941.43       0.0000       0.0000       0.0000     
     711  0.14548E-005 0.17396E-005 -961.12       0.0000       0.0000       0.0000     
     712 -0.27481E-005-0.23085E-005 -969.52       0.0000       0.0000       0.0000     
     713 -0.64166E-005-0.37150E-005 -974.89       0.0000       0.0000       0.0000     
     714 -0.12462E-004-0.45768E-005 -972.02       0.0000       0.0000       0.0000     
     715 -0.10651E-004-0.19471E-005 -975.18       0.0000       0.0000       0.0000     
     716  0.14057E-004-0.24135E-005 -990.21       0.0000       0.0000       0.0000     
     717 -0.20802E-005-0.11314E-007 -1001.7       0.0000       0.0000       0.0000     
     718 -0.21606E-004-0.38882E-005 -1012.2       0.0000       0.0000       0.0000     
     719  0.25678E-005-0.92565E-006 -971.79       0.0000       0.0000       0.0000     
     720 -0.93203E-006-0.54878E-008 -1242.6       0.0000       0.0000       0.0000     
     721  0.17167E-004 0.15019E-005  1784.3       0.0000       0.0000       0.0000     
     722 -0.18361E-004-0.32375E-005 -839.59       0.0000       0.0000       0.0000     
     723  0.19316E-004 0.51758E-005  1736.4       0.0000       0.0000       0.0000     
     724 -0.23236E-004-0.84573E-005 -826.49       0.0000       0.0000       0.0000     
     725  0.16561E-004 0.77227E-005  1730.5       0.0000       0.0000       0.0000     
     726 -0.15413E-004-0.88985E-005 -828.63       0.0000       0.0000       0.0000     
     727  0.80310E-005 0.56234E-005  1748.4       0.0000       0.0000       0.0000     
     728 -0.20588E-005-0.17275E-005 -845.18       0.0000       0.0000       0.0000     
     729 -0.12067E-004-0.73888E-021 -859.03       0.0000       0.0000       0.0000     
     730 -0.12323E-005 0.14086E-004  1902.0       0.0000       0.0000       0.0000     

 *** MAPDL - ENGINEERING ANALYSIS SYSTEM  RELEASE 2026 R1          26.1     ***
 Ansys Mechanical Enterprise Academic Student      
 01055371  VERSION=WINDOWS x64   15:10:18  SEP 27, 2026 Elapsed Time=     34.360

                                                                               


 
  ***** POST1 TOTAL REACTION SOLUTION LISTING *****                            
 
  LOAD STEP=     1  SUBSTEP=     1                                             
   TIME=    1.0000      LOAD CASE=   0                                         
 
  THE FOLLOWING X,Y,Z SOLUTIONS ARE IN THE GLOBAL COORDINATE SYSTEM            
 
    NODE       FX           FY           FZ           MX           MY           MZ    
     731  0.20673E-005-0.11724E-004 -907.54       0.0000       0.0000       0.0000     
     732 -0.31553E-005 0.11776E-004  1879.3       0.0000       0.0000       0.0000     
     733  0.61639E-006-0.16935E-005 -890.66       0.0000       0.0000       0.0000     
     734  0.19362E-005-0.41521E-005  1851.9       0.0000       0.0000       0.0000     
     735 -0.99453E-005 0.17226E-004 -874.72       0.0000       0.0000       0.0000     
     736  0.10855E-004-0.15503E-004  1853.7       0.0000       0.0000       0.0000     
     737 -0.10352E-004 0.12337E-004 -890.66       0.0000       0.0000       0.0000     
     738 -0.13436E-020-0.10971E-004 -912.73       0.0000       0.0000       0.0000     
     739 -0.32936E-005-0.28815E-006  1721.6       0.0000       0.0000       0.0000     
     740  0.50951E-005 0.89840E-006 -819.33       0.0000       0.0000       0.0000     
     741 -0.11567E-004-0.30994E-005  1721.4       0.0000       0.0000       0.0000     
     742  0.78520E-005 0.28579E-005 -822.24       0.0000       0.0000       0.0000     
     743  0.62377E-006 0.29087E-006  1728.6       0.0000       0.0000       0.0000     
     744 -0.55609E-005-0.32106E-005 -824.77       0.0000       0.0000       0.0000     
     745  0.93170E-005 0.65238E-005  1732.8       0.0000       0.0000       0.0000     
     746  0.21450E-005 0.17999E-005 -827.44       0.0000       0.0000       0.0000     
     747  0.38967E-005-0.23860E-021 -831.08       0.0000       0.0000       0.0000     
     748  0.67647E-006-0.77321E-005  1924.4       0.0000       0.0000       0.0000     
     749 -0.64924E-006 0.36820E-005 -896.21       0.0000       0.0000       0.0000     
     750  0.12467E-005-0.46526E-005  1867.2       0.0000       0.0000       0.0000     
     751  0.46723E-005-0.12837E-004 -879.78       0.0000       0.0000       0.0000     
     752 -0.27429E-005 0.58822E-005  1830.2       0.0000       0.0000       0.0000     
     753  0.86701E-005-0.15017E-004 -882.73       0.0000       0.0000       0.0000     
     754 -0.52488E-005 0.74961E-005  1860.4       0.0000       0.0000       0.0000     
     755  0.13243E-004-0.15782E-004 -897.54       0.0000       0.0000       0.0000     
     756              -0.89593E-005 -918.58     
     757  0.91513E-006-0.10460E-004  772.16       0.0000       0.0000       0.0000     
     758 -0.61891E-006 0.35100E-005 -417.43       0.0000       0.0000       0.0000     
     759 -0.10474E-005 0.39089E-005  812.96       0.0000       0.0000       0.0000     
     760  0.77166E-006-0.21201E-005 -436.52       0.0000       0.0000       0.0000     
     761 -0.69102E-006 0.14819E-005  821.34       0.0000       0.0000       0.0000     
     762 -0.56103E-006 0.97174E-006 -427.48       0.0000       0.0000       0.0000     
     763  0.60425E-006-0.86296E-006  788.35       0.0000       0.0000       0.0000     
     764  0.49060E-005-0.58467E-005 -410.44       0.0000       0.0000       0.0000     
     765  0.40759E-006 0.35659E-007  869.07       0.0000       0.0000       0.0000     
     766 -0.34439E-005-0.60725E-006 -465.49       0.0000       0.0000       0.0000     
     767  0.80393E-006 0.21541E-006  867.21       0.0000       0.0000       0.0000     

 *** MAPDL - ENGINEERING ANALYSIS SYSTEM  RELEASE 2026 R1          26.1     ***
 Ansys Mechanical Enterprise Academic Student      
 01055371  VERSION=WINDOWS x64   15:10:18  SEP 27, 2026 Elapsed Time=     34.360

                                                                               


 
  ***** POST1 TOTAL REACTION SOLUTION LISTING *****                            
 
  LOAD STEP=     1  SUBSTEP=     1                                             
   TIME=    1.0000      LOAD CASE=   0                                         
 
  THE FOLLOWING X,Y,Z SOLUTIONS ARE IN THE GLOBAL COORDINATE SYSTEM            
 
    NODE       FX           FY           FZ           MX           MY           MZ    
     768 -0.11623E-006-0.42304E-007 -461.16       0.0000       0.0000       0.0000     
     769  0.22111E-005 0.10310E-005  854.88       0.0000       0.0000       0.0000     
     770 -0.53533E-005-0.30907E-005 -452.40       0.0000       0.0000       0.0000     
     771  0.55030E-005 0.38532E-005  842.78       0.0000       0.0000       0.0000     
     772  0.24727E-005 0.20748E-005 -447.48       0.0000       0.0000       0.0000     
     773  0.27344E-005-0.16744E-021 -466.79       0.0000       0.0000       0.0000     
     774 -0.11755E-005 0.13436E-004  806.04       0.0000       0.0000       0.0000     
     775  0.18823E-005-0.10675E-004 -440.00       0.0000       0.0000       0.0000     
     776 -0.21641E-005 0.80766E-005  843.50       0.0000       0.0000       0.0000     
     777  0.39716E-006-0.10912E-005 -451.39       0.0000       0.0000       0.0000     
     778  0.14924E-005-0.32004E-005  850.47       0.0000       0.0000       0.0000     
     779 -0.44301E-005 0.76731E-005 -440.80       0.0000       0.0000       0.0000     
     780  0.35254E-005-0.50348E-005  811.56       0.0000       0.0000       0.0000     
     781 -0.44776E-005 0.53361E-005 -419.16       0.0000       0.0000       0.0000     
     782 -0.40360E-021-0.32957E-005 -420.93       0.0000       0.0000       0.0000     
     783               0.78816E-006 -399.22     
     784  0.11901E-004 0.10412E-005  763.87       0.0000       0.0000       0.0000     
     785 -0.14444E-004-0.25469E-005 -412.84       0.0000       0.0000       0.0000     
     786  0.10892E-004 0.29184E-005  792.75       0.0000       0.0000       0.0000     
     787 -0.12478E-004-0.45415E-005 -425.67       0.0000       0.0000       0.0000     
     788  0.80879E-005 0.37714E-005  811.59       0.0000       0.0000       0.0000     
     789 -0.82543E-005-0.47656E-005 -429.03       0.0000       0.0000       0.0000     
     790  0.55114E-005 0.38591E-005  801.28       0.0000       0.0000       0.0000     
     791 -0.26563E-005-0.22289E-005 -425.69       0.0000       0.0000       0.0000     
     792 -0.15114E-004-0.92544E-021 -419.17       0.0000       0.0000       0.0000     
   26161  0.39958E-005-0.39958E-005  758.87       0.0000       0.0000       0.0000     
   26162 -0.71173E-005 0.59721E-005 -400.79       0.0000       0.0000       0.0000     
   26163  0.91446E-005-0.64031E-005  741.14       0.0000       0.0000       0.0000     
   26164 -0.15039E-004 0.86828E-005 -400.29       0.0000       0.0000       0.0000     
   26165  0.16886E-004-0.78739E-005  751.71       0.0000       0.0000       0.0000     
   26166 -0.21035E-004 0.76561E-005 -416.30       0.0000       0.0000       0.0000     
   26167  0.12195E-004-0.32678E-005  798.11       0.0000       0.0000       0.0000     
   26168 -0.15132E-004 0.26683E-005 -421.83       0.0000       0.0000       0.0000     
   26169  0.13702E-004-0.11987E-005  793.02       0.0000       0.0000       0.0000     
   26170  0.46700E-006 0.46700E-006  789.15       0.0000       0.0000       0.0000     
   26171 -0.20851E-006-0.24849E-006 -421.08       0.0000       0.0000       0.0000     
   26172 -0.56684E-006-0.80953E-006  786.09       0.0000       0.0000       0.0000     

 *** MAPDL - ENGINEERING ANALYSIS SYSTEM  RELEASE 2026 R1          26.1     ***
 Ansys Mechanical Enterprise Academic Student      
 01055371  VERSION=WINDOWS x64   15:10:18  SEP 27, 2026 Elapsed Time=     34.361

                                                                               


 
  ***** POST1 TOTAL REACTION SOLUTION LISTING *****                            
 
  LOAD STEP=     1  SUBSTEP=     1                                             
   TIME=    1.0000      LOAD CASE=   0                                         
 
  THE FOLLOWING X,Y,Z SOLUTIONS ARE IN THE GLOBAL COORDINATE SYSTEM            
 
    NODE       FX           FY           FZ           MX           MY           MZ    
   26173  0.13046E-005 0.22596E-005 -407.82       0.0000       0.0000       0.0000     
   26174 -0.10898E-005-0.23371E-005  752.94       0.0000       0.0000       0.0000     
   26175  0.13670E-005 0.37557E-005 -393.15       0.0000       0.0000       0.0000     
   26176 -0.13951E-005-0.52068E-005  719.82       0.0000       0.0000       0.0000     
   26177  0.14493E-006 0.82195E-006 -385.45       0.0000       0.0000       0.0000     
   26178  0.72037E-006 0.82338E-005  721.62       0.0000       0.0000       0.0000     
   26437 -0.82996E-005 0.82996E-005  746.04       0.0000       0.0000       0.0000     
   26438  0.62157E-005-0.52156E-005 -395.40       0.0000       0.0000       0.0000     
   26439 -0.28798E-005 0.20164E-005  733.97       0.0000       0.0000       0.0000     
   26440  0.58105E-005-0.33547E-005 -398.36       0.0000       0.0000       0.0000     
   26441 -0.69237E-005 0.32286E-005  753.03       0.0000       0.0000       0.0000     
   26442  0.77587E-005-0.28239E-005 -423.08       0.0000       0.0000       0.0000     
   26443 -0.11491E-004 0.30791E-005  819.25       0.0000       0.0000       0.0000     
   26444  0.99111E-005-0.17476E-005 -450.93       0.0000       0.0000       0.0000     
   26445 -0.10171E-004 0.88987E-006  873.27       0.0000       0.0000       0.0000     
   26446 -0.89803E-005-0.89803E-005  828.24       0.0000       0.0000       0.0000     
   26447  0.24674E-005 0.29405E-005 -443.62       0.0000       0.0000       0.0000     
   26448  0.31600E-005 0.45130E-005  827.18       0.0000       0.0000       0.0000     
   26449 -0.46383E-005-0.80339E-005 -432.41       0.0000       0.0000       0.0000     
   26450  0.30007E-005 0.64351E-005  798.58       0.0000       0.0000       0.0000     
   26451 -0.19275E-005-0.52958E-005 -419.00       0.0000       0.0000       0.0000     
   26452  0.21989E-006 0.82064E-006  765.00       0.0000       0.0000       0.0000     
   26453  0.24241E-006 0.13748E-005 -408.73       0.0000       0.0000       0.0000     
   26454 -0.33306E-006-0.38069E-005  760.35       0.0000       0.0000       0.0000     
   26473  0.77997E-007 0.77997E-007  1796.2       0.0000       0.0000       0.0000     
   26474  0.17753E-005 0.21157E-005 -868.66       0.0000       0.0000       0.0000     
   26475 -0.38944E-005-0.55618E-005  1859.0       0.0000       0.0000       0.0000     
   26476  0.39044E-005 0.67627E-005 -903.23       0.0000       0.0000       0.0000     
   26477 -0.67029E-005-0.14374E-004  1936.5       0.0000       0.0000       0.0000     
   26478  0.30330E-005 0.83332E-005 -929.51       0.0000       0.0000       0.0000     
   26479 -0.43800E-005-0.16346E-004  1998.9       0.0000       0.0000       0.0000     
   26480 -0.14203E-005-0.80551E-005 -936.17       0.0000       0.0000       0.0000     
   26481  0.14495E-005 0.16568E-004  1975.2       0.0000       0.0000       0.0000     
   26482  0.85620E-005-0.85620E-005  1943.2       0.0000       0.0000       0.0000     
   26483 -0.12887E-004 0.10814E-004 -922.07       0.0000       0.0000       0.0000     
   26484  0.13841E-004-0.96919E-005  1964.1       0.0000       0.0000       0.0000     
   26485 -0.19461E-004 0.11236E-004 -925.60       0.0000       0.0000       0.0000     

 *** MAPDL - ENGINEERING ANALYSIS SYSTEM  RELEASE 2026 R1          26.1     ***
 Ansys Mechanical Enterprise Academic Student      
 01055371  VERSION=WINDOWS x64   15:10:18  SEP 27, 2026 Elapsed Time=     34.361

                                                                               


 
  ***** POST1 TOTAL REACTION SOLUTION LISTING *****                            
 
  LOAD STEP=     1  SUBSTEP=     1                                             
   TIME=    1.0000      LOAD CASE=   0                                         
 
  THE FOLLOWING X,Y,Z SOLUTIONS ARE IN THE GLOBAL COORDINATE SYSTEM            
 
    NODE       FX           FY           FZ           MX           MY           MZ    
   26486  0.20617E-004-0.96137E-005  1958.5       0.0000       0.0000       0.0000     
   26487 -0.18765E-004 0.68299E-005 -912.68       0.0000       0.0000       0.0000     
   26488  0.93877E-005-0.25154E-005  1899.9       0.0000       0.0000       0.0000     
   26489 -0.61060E-005 0.10767E-005 -894.52       0.0000       0.0000       0.0000     
   26490  0.11866E-004-0.10381E-005  1844.4       0.0000       0.0000       0.0000     
   26491 -0.93033E-005-0.93033E-005  1740.0       0.0000       0.0000       0.0000     
   26492  0.34106E-006 0.40646E-006 -842.37       0.0000       0.0000       0.0000     
   26493  0.67989E-005 0.97098E-005  1778.8       0.0000       0.0000       0.0000     
   26494 -0.73066E-005-0.12655E-004 -866.20       0.0000       0.0000       0.0000     
   26495  0.12469E-005 0.26741E-005  1861.3       0.0000       0.0000       0.0000     
   26496 -0.60044E-005-0.16497E-004 -895.59       0.0000       0.0000       0.0000     
   26497  0.52126E-005 0.19454E-004  1931.8       0.0000       0.0000       0.0000     
   26498 -0.35066E-005-0.19887E-004 -915.77       0.0000       0.0000       0.0000     
   26499  0.34550E-006 0.39491E-005  1946.0       0.0000       0.0000       0.0000     
   26500 -0.12541E-004 0.12541E-004  1925.2       0.0000       0.0000       0.0000     
   26501  0.12104E-004-0.10157E-004 -913.68       0.0000       0.0000       0.0000     
   26502 -0.87409E-005 0.61205E-005  1939.6       0.0000       0.0000       0.0000     
   26503  0.77690E-005-0.44855E-005 -907.49       0.0000       0.0000       0.0000     
   26504 -0.95330E-005 0.44453E-005  1907.6       0.0000       0.0000       0.0000     
   26505  0.49778E-006-0.18118E-006 -882.65       0.0000       0.0000       0.0000     
   26506 -0.47574E-005 0.12747E-005  1823.7       0.0000       0.0000       0.0000     
   26507 -0.72370E-006 0.12761E-006 -854.63       0.0000       0.0000       0.0000     
   26508 -0.40457E-005 0.35395E-006  1750.7       0.0000       0.0000       0.0000     
   82585  0.35927E-004-0.10477E-003-0.54796E+006

 TOTAL VALUES
 VALUE   0.38273E-008-0.68498E-007 0.24732E-005  0.0000       0.0000       0.0000     
