Element Number	Structural Error (J)
1	1.9616e-009
2	9.9984e-010
3	9.3099e-010
4	8.6955e-010
5	9.3852e-010
6	9.5629e-010
7	9.8606e-010
8	1.044e-009
9	1.0784e-009
10	1.1141e-009
11	1.161e-009
12	1.2104e-009
13	1.2558e-009
14	1.3064e-009
15	1.3584e-009
16	1.4126e-009
17	1.4688e-009
18	1.5269e-009
19	1.5866e-009
20	1.65e-009
21	1.7165e-009
22	1.7857e-009
23	1.8493e-009
24	1.924e-009
25	2.0106e-009
26	2.0728e-009
27	2.1659e-009
28	2.2465e-009
29	2.3383e-009
30	2.4261e-009
31	2.5251e-009
32	2.6273e-009
33	2.7218e-009
34	2.8369e-009
35	2.946e-009
36	3.0634e-009
37	3.1822e-009
38	3.3105e-009
39	3.3136e-009
40	3.1943e-009
41	3.0822e-009
42	2.9691e-009
43	2.8755e-009
44	2.748e-009
45	2.671e-009
46	2.5709e-009
47	2.4685e-009
48	2.3847e-009
49	2.3104e-009
50	2.2545e-009
51	2.0914e-009
52	2.1434e-009
53	1.9885e-009
54	1.9112e-009
55	1.9035e-009
56	1.7894e-009
57	1.7047e-009
58	1.6378e-009
59	1.5712e-009
60	1.5036e-009
61	1.4637e-009
62	1.4367e-009
63	1.4512e-009
64	1.3104e-009
65	1.3595e-009
66	1.2652e-009
67	1.302e-009
68	1.4044e-009
69	1.5967e-009
70	1.3505e-009
71	1.5135e-009
72	1.5736e-009
73	4.4311e-009
74	7.9149e-009
75	1.5376e-008
76	1.5263e-008
77	1.8306e-009
78	8.8801e-010
79	8.2649e-010
80	7.5104e-010
81	8.2231e-010
82	8.3399e-010
83	8.5378e-010
84	9.1253e-010
85	9.4131e-010
86	9.6758e-010
87	1.0097e-009
88	1.0554e-009
89	1.0951e-009
90	1.1378e-009
91	1.1824e-009
92	1.2298e-009
93	1.2787e-009
94	1.3297e-009
95	1.3819e-009
96	1.4365e-009
97	1.4944e-009
98	1.5559e-009
99	1.6094e-009
100	1.6758e-009
101	1.7527e-009
102	1.8044e-009
103	1.888e-009
104	1.9574e-009
105	2.0356e-009
106	2.1128e-009
107	2.1984e-009
108	2.2886e-009
109	2.3701e-009
110	2.4722e-009
111	2.5666e-009
112	2.6677e-009
113	2.7701e-009
114	2.8835e-009
115	2.884e-009
116	2.7799e-009
117	2.6823e-009
118	2.5846e-009
119	2.5024e-009
120	2.3884e-009
121	2.3236e-009
122	2.2355e-009
123	2.1461e-009
124	2.0715e-009
125	2.0121e-009
126	1.9651e-009
127	1.8095e-009
128	1.8778e-009
129	1.7249e-009
130	1.6515e-009
131	1.662e-009
132	1.562e-009
133	1.4811e-009
134	1.4182e-009
135	1.3583e-009
136	1.2986e-009
137	1.2648e-009
138	1.2427e-009
139	1.2764e-009
140	1.1515e-009
141	1.197e-009
142	1.0948e-009
143	1.1319e-009
144	1.271e-009
145	1.4661e-009
146	1.1863e-009
147	1.3708e-009
148	1.4111e-009
149	4.3333e-009
150	7.6018e-009
151	1.5294e-008
152	1.4951e-008
153	2.0324e-009
154	9.93e-010
155	9.2888e-010
156	8.3412e-010
157	9.2132e-010
158	9.3335e-010
159	9.5052e-010
160	1.0215e-009
161	1.0535e-009
162	1.0798e-009
163	1.1278e-009
164	1.1799e-009
165	1.2245e-009
166	1.2721e-009
167	1.3213e-009
168	1.3749e-009
169	1.4294e-009
170	1.4864e-009
171	1.5449e-009
172	1.6076e-009
173	1.6724e-009
174	1.7397e-009
175	1.7979e-009
176	1.8719e-009
177	1.9599e-009
178	2.0153e-009
179	2.1092e-009
180	2.1872e-009
181	2.2769e-009
182	2.3626e-009
183	2.4589e-009
184	2.5602e-009
185	2.6502e-009
186	2.7647e-009
187	2.8673e-009
188	2.9814e-009
189	3.0972e-009
190	3.2235e-009
191	3.2246e-009
192	3.1091e-009
193	2.9998e-009
194	2.8903e-009
195	2.8016e-009
196	2.6683e-009
197	2.6008e-009
198	2.5027e-009
199	2.4005e-009
200	2.3189e-009
201	2.2546e-009
202	2.2011e-009
203	2.0176e-009
204	2.1107e-009
205	1.927e-009
206	1.8361e-009
207	1.8614e-009
208	1.7562e-009
209	1.6627e-009
210	1.5899e-009
211	1.5234e-009
212	1.4563e-009
213	1.4188e-009
214	1.3738e-009
215	1.4333e-009
216	1.2927e-009
217	1.3337e-009
218	1.2118e-009
219	1.2382e-009
220	1.4181e-009
221	1.6234e-009
222	1.2948e-009
223	1.5448e-009
224	1.5213e-009
225	4.5692e-009
226	7.651e-009
227	1.5635e-008
228	1.5221e-008
229	1.6756e-009
230	8.6388e-010
231	7.9301e-010
232	7.7236e-010
233	8.1259e-010
234	8.3266e-010
235	8.7044e-010
236	9.0678e-010
237	9.3811e-010
238	9.7778e-010
239	1.016e-009
240	1.0559e-009
241	1.0949e-009
242	1.1402e-009
243	1.1867e-009
244	1.2338e-009
245	1.2827e-009
246	1.3334e-009
247	1.3859e-009
248	1.4399e-009
249	1.4963e-009
250	1.558e-009
251	1.6175e-009
252	1.6818e-009
253	1.7526e-009
254	1.8133e-009
255	1.891e-009
256	1.9619e-009
257	2.0398e-009
258	2.1193e-009
259	2.2032e-009
260	2.2926e-009
261	2.3794e-009
262	2.4771e-009
263	2.5741e-009
264	2.6752e-009
265	2.7779e-009
266	2.8897e-009
267	2.8916e-009
268	2.788e-009
269	2.6901e-009
270	2.5921e-009
271	2.5043e-009
272	2.4046e-009
273	2.3275e-009
274	2.241e-009
275	2.1566e-009
276	2.08e-009
277	2.009e-009
278	1.9585e-009
279	1.8477e-009
280	1.8417e-009
281	1.7447e-009
282	1.697e-009
283	1.6533e-009
284	1.5445e-009
285	1.4803e-009
286	1.4288e-009
287	1.3697e-009
288	1.3118e-009
289	1.2757e-009
290	1.286e-009
291	1.2523e-009
292	1.1314e-009
293	1.1868e-009
294	1.1292e-009
295	1.1847e-009
296	1.2017e-009
297	1.3712e-009
298	1.2234e-009
299	1.256e-009
300	1.4478e-009
301	4.0681e-009
302	7.9687e-009
303	1.4824e-008
304	1.4954e-008
305	2.0321e-009
306	9.9328e-010
307	9.2897e-010
308	8.3418e-010
309	9.2127e-010
310	9.3334e-010
311	9.508e-010
312	1.0217e-009
313	1.0538e-009
314	1.0798e-009
315	1.1278e-009
316	1.1795e-009
317	1.2244e-009
318	1.2723e-009
319	1.3217e-009
320	1.3742e-009
321	1.4294e-009
322	1.4861e-009
323	1.5446e-009
324	1.6071e-009
325	1.6726e-009
326	1.7395e-009
327	1.7973e-009
328	1.8727e-009
329	1.9608e-009
330	2.0155e-009
331	2.1093e-009
332	2.1872e-009
333	2.2765e-009
334	2.3622e-009
335	2.4588e-009
336	2.5592e-009
337	2.6489e-009
338	2.7632e-009
339	2.8679e-009
340	2.9824e-009
341	3.0985e-009
342	3.2232e-009
343	3.2278e-009
344	3.1106e-009
345	3.0009e-009
346	2.8898e-009
347	2.802e-009
348	2.6701e-009
349	2.6015e-009
350	2.5016e-009
351	2.4001e-009
352	2.319e-009
353	2.2545e-009
354	2.2012e-009
355	2.0177e-009
356	2.1102e-009
357	1.9266e-009
358	1.8356e-009
359	1.8612e-009
360	1.7566e-009
361	1.6633e-009
362	1.5905e-009
363	1.5241e-009
364	1.4574e-009
365	1.4198e-009
366	1.3747e-009
367	1.4341e-009
368	1.2936e-009
369	1.3347e-009
370	1.2126e-009
371	1.2387e-009
372	1.4188e-009
373	1.6235e-009
374	1.295e-009
375	1.5451e-009
376	1.5214e-009
377	4.5704e-009
378	7.6507e-009
379	1.5638e-008
380	1.522e-008
381	1.8305e-009
382	8.8748e-010
383	8.2603e-010
384	7.5083e-010
385	8.2198e-010
386	8.3373e-010
387	8.5344e-010
388	9.1196e-010
389	9.4085e-010
390	9.6745e-010
391	1.0095e-009
392	1.055e-009
393	1.0947e-009
394	1.1376e-009
395	1.1822e-009
396	1.2297e-009
397	1.2784e-009
398	1.3292e-009
399	1.3814e-009
400	1.4364e-009
401	1.4947e-009
402	1.5556e-009
403	1.6093e-009
404	1.6752e-009
405	1.7525e-009
406	1.8043e-009
407	1.8881e-009
408	1.9576e-009
409	2.0363e-009
410	2.1129e-009
411	2.1981e-009
412	2.2876e-009
413	2.3688e-009
414	2.4705e-009
415	2.566e-009
416	2.6676e-009
417	2.7706e-009
418	2.8828e-009
419	2.8844e-009
420	2.7786e-009
421	2.6819e-009
422	2.5837e-009
423	2.5026e-009
424	2.3885e-009
425	2.3239e-009
426	2.2346e-009
427	2.1462e-009
428	2.0712e-009
429	2.0112e-009
430	1.9648e-009
431	1.8096e-009
432	1.8785e-009
433	1.7253e-009
434	1.6523e-009
435	1.6628e-009
436	1.563e-009
437	1.4822e-009
438	1.4191e-009
439	1.359e-009
440	1.2989e-009
441	1.2652e-009
442	1.2429e-009
443	1.2765e-009
444	1.1515e-009
445	1.1969e-009
446	1.0947e-009
447	1.1319e-009
448	1.2718e-009
449	1.4672e-009
450	1.1869e-009
451	1.3723e-009
452	1.4119e-009
453	4.3336e-009
454	7.6017e-009
455	1.5294e-008
456	1.495e-008
457	1.9617e-009
458	1.e-009
459	9.3129e-010
460	8.6949e-010
461	9.3865e-010
462	9.5641e-010
463	9.8611e-010
464	1.0441e-009
465	1.0782e-009
466	1.114e-009
467	1.1611e-009
468	1.2112e-009
469	1.2563e-009
470	1.3063e-009
471	1.3583e-009
472	1.4123e-009
473	1.4686e-009
474	1.5272e-009
475	1.5872e-009
476	1.65e-009
477	1.7154e-009
478	1.7858e-009
479	1.8494e-009
480	1.924e-009
481	2.0097e-009
482	2.0724e-009
483	2.1659e-009
484	2.2462e-009
485	2.3379e-009
486	2.4264e-009
487	2.5253e-009
488	2.6274e-009
489	2.7221e-009
490	2.8382e-009
491	2.9464e-009
492	3.064e-009
493	3.1827e-009
494	3.3113e-009
495	3.3122e-009
496	3.1945e-009
497	3.0824e-009
498	2.9707e-009
499	2.8756e-009
500	2.7472e-009
501	2.6693e-009
502	2.5711e-009
503	2.4678e-009
504	2.3846e-009
505	2.311e-009
506	2.2556e-009
507	2.0914e-009
508	2.1431e-009
509	1.9883e-009
510	1.9108e-009
511	1.9029e-009
512	1.7883e-009
513	1.7038e-009
514	1.6373e-009
515	1.5707e-009
516	1.5032e-009
517	1.4635e-009
518	1.4367e-009
519	1.4515e-009
520	1.3107e-009
521	1.3597e-009
522	1.2651e-009
523	1.3019e-009
524	1.4039e-009
525	1.596e-009
526	1.35e-009
527	1.5125e-009
528	1.573e-009
529	4.4309e-009
530	7.9145e-009
531	1.5375e-008
532	1.5263e-008
533	1.963e-009
534	1.0002e-009
535	9.3116e-010
536	8.6946e-010
537	9.383e-010
538	9.5597e-010
539	9.858e-010
540	1.044e-009
541	1.0783e-009
542	1.1141e-009
543	1.1608e-009
544	1.2106e-009
545	1.2558e-009
546	1.306e-009
547	1.3581e-009
548	1.4123e-009
549	1.4688e-009
550	1.5272e-009
551	1.5869e-009
552	1.6498e-009
553	1.7162e-009
554	1.7862e-009
555	1.8492e-009
556	1.9237e-009
557	2.0106e-009
558	2.0734e-009
559	2.1667e-009
560	2.2468e-009
561	2.3377e-009
562	2.4261e-009
563	2.5251e-009
564	2.6273e-009
565	2.7226e-009
566	2.8385e-009
567	2.9453e-009
568	3.0631e-009
569	3.1811e-009
570	3.3098e-009
571	3.3123e-009
572	3.1943e-009
573	3.0811e-009
574	2.9696e-009
575	2.8752e-009
576	2.7468e-009
577	2.6704e-009
578	2.5712e-009
579	2.4684e-009
580	2.3852e-009
581	2.3107e-009
582	2.255e-009
583	2.0914e-009
584	2.1436e-009
585	1.9887e-009
586	1.9112e-009
587	1.9035e-009
588	1.7893e-009
589	1.7045e-009
590	1.6379e-009
591	1.5711e-009
592	1.5031e-009
593	1.4634e-009
594	1.4362e-009
595	1.4505e-009
596	1.3096e-009
597	1.3589e-009
598	1.265e-009
599	1.302e-009
600	1.4036e-009
601	1.596e-009
602	1.3504e-009
603	1.5132e-009
604	1.5733e-009
605	4.43e-009
606	7.9149e-009
607	1.5374e-008
608	1.5264e-008
609	1.8315e-009
610	8.8798e-010
611	8.2614e-010
612	7.5086e-010
613	8.2204e-010
614	8.3373e-010
615	8.5356e-010
616	9.1231e-010
617	9.411e-010
618	9.675e-010
619	1.0095e-009
620	1.0551e-009
621	1.095e-009
622	1.138e-009
623	1.1825e-009
624	1.2296e-009
625	1.2787e-009
626	1.3296e-009
627	1.3817e-009
628	1.4368e-009
629	1.4953e-009
630	1.5562e-009
631	1.6094e-009
632	1.6755e-009
633	1.7534e-009
634	1.805e-009
635	1.8882e-009
636	1.9576e-009
637	2.0359e-009
638	2.1129e-009
639	2.1984e-009
640	2.2886e-009
641	2.3702e-009
642	2.4723e-009
643	2.5666e-009
644	2.6678e-009
645	2.7697e-009
646	2.8827e-009
647	2.8841e-009
648	2.7792e-009
649	2.6817e-009
650	2.584e-009
651	2.5021e-009
652	2.3888e-009
653	2.3244e-009
654	2.2354e-009
655	2.1469e-009
656	2.0717e-009
657	2.011e-009
658	1.9641e-009
659	1.8094e-009
660	1.878e-009
661	1.7252e-009
662	1.6519e-009
663	1.6624e-009
664	1.5626e-009
665	1.4815e-009
666	1.4185e-009
667	1.3582e-009
668	1.2985e-009
669	1.2648e-009
670	1.2426e-009
671	1.276e-009
672	1.1508e-009
673	1.1965e-009
674	1.0948e-009
675	1.132e-009
676	1.2709e-009
677	1.4663e-009
678	1.1865e-009
679	1.3711e-009
680	1.4111e-009
681	4.3328e-009
682	7.6019e-009
683	1.5293e-008
684	1.4951e-008
685	2.032e-009
686	9.9321e-010
687	9.2913e-010
688	8.3414e-010
689	9.2146e-010
690	9.336e-010
691	9.5082e-010
692	1.0216e-009
693	1.0536e-009
694	1.0799e-009
695	1.1279e-009
696	1.1802e-009
697	1.2249e-009
698	1.2727e-009
699	1.322e-009
700	1.3745e-009
701	1.4296e-009
702	1.4864e-009
703	1.5452e-009
704	1.6077e-009
705	1.6729e-009
706	1.7399e-009
707	1.7976e-009
708	1.8729e-009
709	1.961e-009
710	2.0157e-009
711	2.1093e-009
712	2.1872e-009
713	2.2771e-009
714	2.3627e-009
715	2.459e-009
716	2.5595e-009
717	2.6494e-009
718	2.7639e-009
719	2.8686e-009
720	2.9828e-009
721	3.0985e-009
722	3.2236e-009
723	3.2266e-009
724	3.1102e-009
725	3.0011e-009
726	2.8907e-009
727	2.802e-009
728	2.6701e-009
729	2.6014e-009
730	2.5021e-009
731	2.4005e-009
732	2.319e-009
733	2.2544e-009
734	2.2014e-009
735	2.0175e-009
736	2.1103e-009
737	1.9265e-009
738	1.8355e-009
739	1.8608e-009
740	1.7557e-009
741	1.6623e-009
742	1.5894e-009
743	1.5231e-009
744	1.4565e-009
745	1.419e-009
746	1.3741e-009
747	1.4337e-009
748	1.293e-009
749	1.3342e-009
750	1.2122e-009
751	1.2384e-009
752	1.4183e-009
753	1.6232e-009
754	1.2945e-009
755	1.5443e-009
756	1.521e-009
757	4.5699e-009
758	7.6505e-009
759	1.5637e-008
760	1.522e-008
761	1.6753e-009
762	8.6377e-010
763	7.9288e-010
764	7.725e-010
765	8.1246e-010
766	8.3262e-010
767	8.7028e-010
768	9.0628e-010
769	9.3769e-010
770	9.7764e-010
771	1.016e-009
772	1.0563e-009
773	1.0946e-009
774	1.1394e-009
775	1.1863e-009
776	1.2334e-009
777	1.282e-009
778	1.333e-009
779	1.3856e-009
780	1.439e-009
781	1.4955e-009
782	1.5578e-009
783	1.6174e-009
784	1.6811e-009
785	1.7517e-009
786	1.8133e-009
787	1.8924e-009
788	1.9629e-009
789	2.0413e-009
790	2.1197e-009
791	2.203e-009
792	2.2907e-009
793	2.3771e-009
794	2.4747e-009
795	2.5725e-009
796	2.6747e-009
797	2.7787e-009
798	2.8885e-009
799	2.8915e-009
800	2.7858e-009
801	2.689e-009
802	2.5915e-009
803	2.5047e-009
804	2.4035e-009
805	2.3261e-009
806	2.2392e-009
807	2.156e-009
808	2.0806e-009
809	2.0102e-009
810	1.9601e-009
811	1.848e-009
812	1.8429e-009
813	1.7452e-009
814	1.6973e-009
815	1.6538e-009
816	1.5452e-009
817	1.4813e-009
818	1.4297e-009
819	1.3703e-009
820	1.312e-009
821	1.2757e-009
822	1.2855e-009
823	1.2523e-009
824	1.1315e-009
825	1.1866e-009
826	1.1286e-009
827	1.1841e-009
828	1.2022e-009
829	1.372e-009
830	1.2237e-009
831	1.2581e-009
832	1.4486e-009
833	4.069e-009
834	7.9677e-009
835	1.4825e-008
836	1.4952e-008
837	2.032e-009
838	9.9321e-010
839	9.2913e-010
840	8.3414e-010
841	9.2146e-010
842	9.336e-010
843	9.5082e-010
844	1.0216e-009
845	1.0536e-009
846	1.0799e-009
847	1.1279e-009
848	1.1802e-009
849	1.2249e-009
850	1.2727e-009
851	1.322e-009
852	1.3745e-009
853	1.4296e-009
854	1.4864e-009
855	1.5452e-009
856	1.6077e-009
857	1.6729e-009
858	1.7399e-009
859	1.7976e-009
860	1.8729e-009
861	1.961e-009
862	2.0157e-009
863	2.1093e-009
864	2.1872e-009
865	2.2771e-009
866	2.3627e-009
867	2.459e-009
868	2.5595e-009
869	2.6494e-009
870	2.7639e-009
871	2.8686e-009
872	2.9828e-009
873	3.0985e-009
874	3.2236e-009
875	3.2266e-009
876	3.1102e-009
877	3.0011e-009
878	2.8907e-009
879	2.802e-009
880	2.6701e-009
881	2.6014e-009
882	2.5021e-009
883	2.4005e-009
884	2.319e-009
885	2.2544e-009
886	2.2014e-009
887	2.0175e-009
888	2.1103e-009
889	1.9265e-009
890	1.8355e-009
891	1.8608e-009
892	1.7557e-009
893	1.6623e-009
894	1.5894e-009
895	1.5231e-009
896	1.4565e-009
897	1.419e-009
898	1.3741e-009
899	1.4337e-009
900	1.293e-009
901	1.3342e-009
902	1.2122e-009
903	1.2384e-009
904	1.4183e-009
905	1.6232e-009
906	1.2945e-009
907	1.5443e-009
908	1.521e-009
909	4.5699e-009
910	7.6505e-009
911	1.5637e-008
912	1.522e-008
913	1.8315e-009
914	8.8798e-010
915	8.2614e-010
916	7.5086e-010
917	8.2204e-010
918	8.3373e-010
919	8.5356e-010
920	9.1231e-010
921	9.411e-010
922	9.675e-010
923	1.0095e-009
924	1.0551e-009
925	1.095e-009
926	1.138e-009
927	1.1825e-009
928	1.2296e-009
929	1.2787e-009
930	1.3296e-009
931	1.3817e-009
932	1.4368e-009
933	1.4953e-009
934	1.5562e-009
935	1.6094e-009
936	1.6755e-009
937	1.7534e-009
938	1.805e-009
939	1.8882e-009
940	1.9576e-009
941	2.0359e-009
942	2.1129e-009
943	2.1984e-009
944	2.2886e-009
945	2.3702e-009
946	2.4723e-009
947	2.5666e-009
948	2.6678e-009
949	2.7697e-009
950	2.8827e-009
951	2.8841e-009
952	2.7792e-009
953	2.6817e-009
954	2.584e-009
955	2.5021e-009
956	2.3888e-009
957	2.3244e-009
958	2.2354e-009
959	2.1469e-009
960	2.0717e-009
961	2.011e-009
962	1.9641e-009
963	1.8094e-009
964	1.878e-009
965	1.7252e-009
966	1.6519e-009
967	1.6624e-009
968	1.5626e-009
969	1.4815e-009
970	1.4185e-009
971	1.3582e-009
972	1.2985e-009
973	1.2648e-009
974	1.2426e-009
975	1.276e-009
976	1.1508e-009
977	1.1965e-009
978	1.0948e-009
979	1.132e-009
980	1.2709e-009
981	1.4663e-009
982	1.1865e-009
983	1.3711e-009
984	1.4111e-009
985	4.3328e-009
986	7.6019e-009
987	1.5293e-008
988	1.4951e-008
989	1.963e-009
990	1.0002e-009
991	9.3116e-010
992	8.6946e-010
993	9.383e-010
994	9.5597e-010
995	9.858e-010
996	1.044e-009
997	1.0783e-009
998	1.1141e-009
999	1.1608e-009
1000	1.2106e-009
1001	1.2558e-009
1002	1.306e-009
1003	1.3581e-009
1004	1.4123e-009
1005	1.4688e-009
1006	1.5272e-009
1007	1.5869e-009
1008	1.6498e-009
1009	1.7162e-009
1010	1.7862e-009
1011	1.8492e-009
1012	1.9237e-009
1013	2.0106e-009
1014	2.0734e-009
1015	2.1667e-009
1016	2.2468e-009
1017	2.3377e-009
1018	2.4261e-009
1019	2.5251e-009
1020	2.6273e-009
1021	2.7226e-009
1022	2.8385e-009
1023	2.9453e-009
1024	3.0631e-009
1025	3.1811e-009
1026	3.3098e-009
1027	3.3123e-009
1028	3.1943e-009
1029	3.0811e-009
1030	2.9696e-009
1031	2.8752e-009
1032	2.7468e-009
1033	2.6704e-009
1034	2.5712e-009
1035	2.4684e-009
1036	2.3852e-009
1037	2.3107e-009
1038	2.255e-009
1039	2.0914e-009
1040	2.1436e-009
1041	1.9887e-009
1042	1.9112e-009
1043	1.9035e-009
1044	1.7893e-009
1045	1.7045e-009
1046	1.6379e-009
1047	1.5711e-009
1048	1.5031e-009
1049	1.4634e-009
1050	1.4362e-009
1051	1.4505e-009
1052	1.3096e-009
1053	1.3589e-009
1054	1.265e-009
1055	1.302e-009
1056	1.4036e-009
1057	1.596e-009
1058	1.3504e-009
1059	1.5132e-009
1060	1.5733e-009
1061	4.43e-009
1062	7.9149e-009
1063	1.5374e-008
1064	1.5264e-008
1065	1.9617e-009
1066	1.e-009
1067	9.3129e-010
1068	8.6949e-010
1069	9.3865e-010
1070	9.5641e-010
1071	9.8611e-010
1072	1.0441e-009
1073	1.0782e-009
1074	1.114e-009
1075	1.1611e-009
1076	1.2112e-009
1077	1.2563e-009
1078	1.3063e-009
1079	1.3583e-009
1080	1.4123e-009
1081	1.4686e-009
1082	1.5272e-009
1083	1.5872e-009
1084	1.65e-009
1085	1.7154e-009
1086	1.7858e-009
1087	1.8494e-009
1088	1.924e-009
1089	2.0097e-009
1090	2.0724e-009
1091	2.1659e-009
1092	2.2462e-009
1093	2.3379e-009
1094	2.4264e-009
1095	2.5253e-009
1096	2.6274e-009
1097	2.7221e-009
1098	2.8382e-009
1099	2.9464e-009
1100	3.064e-009
1101	3.1827e-009
1102	3.3113e-009
1103	3.3122e-009
1104	3.1945e-009
1105	3.0824e-009
1106	2.9707e-009
1107	2.8756e-009
1108	2.7472e-009
1109	2.6693e-009
1110	2.5711e-009
1111	2.4678e-009
1112	2.3846e-009
1113	2.311e-009
1114	2.2556e-009
1115	2.0914e-009
1116	2.1431e-009
1117	1.9883e-009
1118	1.9108e-009
1119	1.9029e-009
1120	1.7883e-009
1121	1.7038e-009
1122	1.6373e-009
1123	1.5707e-009
1124	1.5032e-009
1125	1.4635e-009
1126	1.4367e-009
1127	1.4515e-009
1128	1.3107e-009
1129	1.3597e-009
1130	1.2651e-009
1131	1.3019e-009
1132	1.4039e-009
1133	1.596e-009
1134	1.35e-009
1135	1.5125e-009
1136	1.573e-009
1137	4.4309e-009
1138	7.9145e-009
1139	1.5375e-008
1140	1.5263e-008
1141	1.8305e-009
1142	8.8748e-010
1143	8.2603e-010
1144	7.5083e-010
1145	8.2198e-010
1146	8.3373e-010
1147	8.5344e-010
1148	9.1196e-010
1149	9.4085e-010
1150	9.6745e-010
1151	1.0095e-009
1152	1.055e-009
1153	1.0947e-009
1154	1.1376e-009
1155	1.1822e-009
1156	1.2297e-009
1157	1.2784e-009
1158	1.3292e-009
1159	1.3814e-009
1160	1.4364e-009
1161	1.4947e-009
1162	1.5556e-009
1163	1.6093e-009
1164	1.6752e-009
1165	1.7525e-009
1166	1.8043e-009
1167	1.8881e-009
1168	1.9576e-009
1169	2.0363e-009
1170	2.1129e-009
1171	2.1981e-009
1172	2.2876e-009
1173	2.3688e-009
1174	2.4705e-009
1175	2.566e-009
1176	2.6676e-009
1177	2.7706e-009
1178	2.8828e-009
1179	2.8844e-009
1180	2.7786e-009
1181	2.6819e-009
1182	2.5837e-009
1183	2.5026e-009
1184	2.3885e-009
1185	2.3239e-009
1186	2.2346e-009
1187	2.1462e-009
1188	2.0712e-009
1189	2.0112e-009
1190	1.9648e-009
1191	1.8096e-009
1192	1.8785e-009
1193	1.7253e-009
1194	1.6523e-009
1195	1.6628e-009
1196	1.563e-009
1197	1.4822e-009
1198	1.4191e-009
1199	1.359e-009
1200	1.2989e-009
1201	1.2652e-009
1202	1.2429e-009
1203	1.2765e-009
1204	1.1515e-009
1205	1.1969e-009
1206	1.0947e-009
1207	1.1319e-009
1208	1.2718e-009
1209	1.4672e-009
1210	1.1869e-009
1211	1.3723e-009
1212	1.4119e-009
1213	4.3336e-009
1214	7.6017e-009
1215	1.5294e-008
1216	1.495e-008
1217	2.0321e-009
1218	9.9328e-010
1219	9.2897e-010
1220	8.3418e-010
1221	9.2127e-010
1222	9.3334e-010
1223	9.508e-010
1224	1.0217e-009
1225	1.0538e-009
1226	1.0798e-009
1227	1.1278e-009
1228	1.1795e-009
1229	1.2244e-009
1230	1.2723e-009
1231	1.3217e-009
1232	1.3742e-009
1233	1.4294e-009
1234	1.4861e-009
1235	1.5446e-009
1236	1.6071e-009
1237	1.6726e-009
1238	1.7395e-009
1239	1.7973e-009
1240	1.8727e-009
1241	1.9608e-009
1242	2.0155e-009
1243	2.1093e-009
1244	2.1872e-009
1245	2.2765e-009
1246	2.3622e-009
1247	2.4588e-009
1248	2.5592e-009
1249	2.6489e-009
1250	2.7632e-009
1251	2.8679e-009
1252	2.9824e-009
1253	3.0985e-009
1254	3.2232e-009
1255	3.2278e-009
1256	3.1106e-009
1257	3.0009e-009
1258	2.8898e-009
1259	2.802e-009
1260	2.6701e-009
1261	2.6015e-009
1262	2.5016e-009
1263	2.4001e-009
1264	2.319e-009
1265	2.2545e-009
1266	2.2012e-009
1267	2.0177e-009
1268	2.1102e-009
1269	1.9266e-009
1270	1.8356e-009
1271	1.8612e-009
1272	1.7566e-009
1273	1.6633e-009
1274	1.5905e-009
1275	1.5241e-009
1276	1.4574e-009
1277	1.4198e-009
1278	1.3747e-009
1279	1.4341e-009
1280	1.2936e-009
1281	1.3347e-009
1282	1.2126e-009
1283	1.2387e-009
1284	1.4188e-009
1285	1.6235e-009
1286	1.295e-009
1287	1.5451e-009
1288	1.5214e-009
1289	4.5704e-009
1290	7.6507e-009
1291	1.5638e-008
1292	1.522e-008
1293	1.6756e-009
1294	8.6388e-010
1295	7.9301e-010
1296	7.7236e-010
1297	8.1259e-010
1298	8.3266e-010
1299	8.7044e-010
1300	9.0678e-010
1301	9.3811e-010
1302	9.7778e-010
1303	1.016e-009
1304	1.0559e-009
1305	1.0949e-009
1306	1.1402e-009
1307	1.1867e-009
1308	1.2338e-009
1309	1.2827e-009
1310	1.3334e-009
1311	1.3859e-009
1312	1.4399e-009
1313	1.4963e-009
1314	1.558e-009
1315	1.6175e-009
1316	1.6818e-009
1317	1.7526e-009
1318	1.8133e-009
1319	1.891e-009
1320	1.9619e-009
1321	2.0398e-009
1322	2.1193e-009
1323	2.2032e-009
1324	2.2926e-009
1325	2.3794e-009
1326	2.4771e-009
1327	2.5741e-009
1328	2.6752e-009
1329	2.7779e-009
1330	2.8897e-009
1331	2.8916e-009
1332	2.788e-009
1333	2.6901e-009
1334	2.5921e-009
1335	2.5043e-009
1336	2.4046e-009
1337	2.3275e-009
1338	2.241e-009
1339	2.1566e-009
1340	2.08e-009
1341	2.009e-009
1342	1.9585e-009
1343	1.8477e-009
1344	1.8417e-009
1345	1.7447e-009
1346	1.697e-009
1347	1.6533e-009
1348	1.5445e-009
1349	1.4803e-009
1350	1.4288e-009
1351	1.3697e-009
1352	1.3118e-009
1353	1.2757e-009
1354	1.286e-009
1355	1.2523e-009
1356	1.1314e-009
1357	1.1868e-009
1358	1.1292e-009
1359	1.1847e-009
1360	1.2017e-009
1361	1.3712e-009
1362	1.2234e-009
1363	1.256e-009
1364	1.4478e-009
1365	4.0681e-009
1366	7.9687e-009
1367	1.4824e-008
1368	1.4954e-008
1369	2.0324e-009
1370	9.93e-010
1371	9.2888e-010
1372	8.3412e-010
1373	9.2132e-010
1374	9.3335e-010
1375	9.5052e-010
1376	1.0215e-009
1377	1.0535e-009
1378	1.0798e-009
1379	1.1278e-009
1380	1.1799e-009
1381	1.2245e-009
1382	1.2721e-009
1383	1.3213e-009
1384	1.3749e-009
1385	1.4294e-009
1386	1.4864e-009
1387	1.5449e-009
1388	1.6076e-009
1389	1.6724e-009
1390	1.7397e-009
1391	1.7979e-009
1392	1.8719e-009
1393	1.9599e-009
1394	2.0153e-009
1395	2.1092e-009
1396	2.1872e-009
1397	2.2769e-009
1398	2.3626e-009
1399	2.4589e-009
1400	2.5602e-009
1401	2.6502e-009
1402	2.7647e-009
1403	2.8673e-009
1404	2.9814e-009
1405	3.0972e-009
1406	3.2235e-009
1407	3.2246e-009
1408	3.1091e-009
1409	2.9998e-009
1410	2.8903e-009
1411	2.8016e-009
1412	2.6683e-009
1413	2.6008e-009
1414	2.5027e-009
1415	2.4005e-009
1416	2.3189e-009
1417	2.2546e-009
1418	2.2011e-009
1419	2.0176e-009
1420	2.1107e-009
1421	1.927e-009
1422	1.8361e-009
1423	1.8614e-009
1424	1.7562e-009
1425	1.6627e-009
1426	1.5899e-009
1427	1.5234e-009
1428	1.4563e-009
1429	1.4188e-009
1430	1.3738e-009
1431	1.4333e-009
1432	1.2927e-009
1433	1.3337e-009
1434	1.2118e-009
1435	1.2382e-009
1436	1.4181e-009
1437	1.6234e-009
1438	1.2948e-009
1439	1.5448e-009
1440	1.5213e-009
1441	4.5692e-009
1442	7.651e-009
1443	1.5635e-008
1444	1.5221e-008
1445	1.8306e-009
1446	8.8801e-010
1447	8.2649e-010
1448	7.5104e-010
1449	8.2231e-010
1450	8.3399e-010
1451	8.5378e-010
1452	9.1253e-010
1453	9.4131e-010
1454	9.6758e-010
1455	1.0097e-009
1456	1.0554e-009
1457	1.0951e-009
1458	1.1378e-009
1459	1.1824e-009
1460	1.2298e-009
1461	1.2787e-009
1462	1.3297e-009
1463	1.3819e-009
1464	1.4365e-009
1465	1.4944e-009
1466	1.5559e-009
1467	1.6094e-009
1468	1.6758e-009
1469	1.7527e-009
1470	1.8044e-009
1471	1.888e-009
1472	1.9574e-009
1473	2.0356e-009
1474	2.1128e-009
1475	2.1984e-009
1476	2.2886e-009
1477	2.3701e-009
1478	2.4722e-009
1479	2.5666e-009
1480	2.6677e-009
1481	2.7701e-009
1482	2.8835e-009
1483	2.884e-009
1484	2.7799e-009
1485	2.6823e-009
1486	2.5846e-009
1487	2.5024e-009
1488	2.3884e-009
1489	2.3236e-009
1490	2.2355e-009
1491	2.1461e-009
1492	2.0715e-009
1493	2.0121e-009
1494	1.9651e-009
1495	1.8095e-009
1496	1.8778e-009
1497	1.7249e-009
1498	1.6515e-009
1499	1.662e-009
1500	1.562e-009
1501	1.4811e-009
1502	1.4182e-009
1503	1.3583e-009
1504	1.2986e-009
1505	1.2648e-009
1506	1.2427e-009
1507	1.2764e-009
1508	1.1515e-009
1509	1.197e-009
1510	1.0948e-009
1511	1.1319e-009
1512	1.271e-009
1513	1.4661e-009
1514	1.1863e-009
1515	1.3708e-009
1516	1.4111e-009
1517	4.3333e-009
1518	7.6018e-009
1519	1.5294e-008
1520	1.4951e-008
1521	1.9616e-009
1522	9.9984e-010
1523	9.3099e-010
1524	8.6955e-010
1525	9.3852e-010
1526	9.5629e-010
1527	9.8606e-010
1528	1.044e-009
1529	1.0784e-009
1530	1.1141e-009
1531	1.161e-009
1532	1.2104e-009
1533	1.2558e-009
1534	1.3064e-009
1535	1.3584e-009
1536	1.4126e-009
1537	1.4688e-009
1538	1.5269e-009
1539	1.5866e-009
1540	1.65e-009
1541	1.7165e-009
1542	1.7857e-009
1543	1.8493e-009
1544	1.924e-009
1545	2.0106e-009
1546	2.0728e-009
1547	2.1659e-009
1548	2.2465e-009
1549	2.3383e-009
1550	2.4261e-009
1551	2.5251e-009
1552	2.6273e-009
1553	2.7218e-009
1554	2.8369e-009
1555	2.946e-009
1556	3.0634e-009
1557	3.1822e-009
1558	3.3105e-009
1559	3.3136e-009
1560	3.1943e-009
1561	3.0822e-009
1562	2.9691e-009
1563	2.8755e-009
1564	2.748e-009
1565	2.671e-009
1566	2.5709e-009
1567	2.4685e-009
1568	2.3847e-009
1569	2.3104e-009
1570	2.2545e-009
1571	2.0914e-009
1572	2.1434e-009
1573	1.9885e-009
1574	1.9112e-009
1575	1.9035e-009
1576	1.7894e-009
1577	1.7047e-009
1578	1.6378e-009
1579	1.5712e-009
1580	1.5036e-009
1581	1.4637e-009
1582	1.4367e-009
1583	1.4512e-009
1584	1.3104e-009
1585	1.3595e-009
1586	1.2652e-009
1587	1.302e-009
1588	1.4044e-009
1589	1.5967e-009
1590	1.3505e-009
1591	1.5135e-009
1592	1.5736e-009
1593	4.4311e-009
1594	7.9149e-009
1595	1.5376e-008
1596	1.5263e-008
1597	3.7611e-009
1598	5.3145e-009
1599	6.8304e-009
1600	7.1714e-009
1601	7.5376e-009
1602	7.8168e-009
1603	8.1147e-009
1604	8.4911e-009
1605	8.8213e-009
1606	9.1595e-009
1607	9.5356e-009
1608	9.936e-009
1609	1.0328e-008
1610	1.0743e-008
1611	1.1173e-008
1612	1.1619e-008
1613	1.2083e-008
1614	1.2563e-008
1615	1.306e-008
1616	1.3578e-008
1617	1.4117e-008
1618	1.4685e-008
1619	1.5231e-008
1620	1.584e-008
1621	1.6516e-008
1622	1.708e-008
1623	1.7814e-008
1624	1.8493e-008
1625	1.9233e-008
1626	1.9969e-008
1627	2.0778e-008
1628	2.161e-008
1629	2.2411e-008
1630	2.3346e-008
1631	2.4239e-008
1632	2.5196e-008
1633	2.6177e-008
1634	2.7235e-008
1635	2.7251e-008
1636	2.6267e-008
1637	2.5333e-008
1638	2.4412e-008
1639	2.361e-008
1640	2.2603e-008
1641	2.1918e-008
1642	2.1111e-008
1643	2.0274e-008
1644	1.9557e-008
1645	1.8862e-008
1646	1.8279e-008
1647	1.7164e-008
1648	1.7157e-008
1649	1.6111e-008
1650	1.5408e-008
1651	1.5126e-008
1652	1.4423e-008
1653	1.3826e-008
1654	1.3285e-008
1655	1.2771e-008
1656	1.222e-008
1657	1.1446e-008
1658	1.1385e-008
1659	1.0729e-008
1660	1.0329e-008
1661	1.0118e-008
1662	9.5147e-009
1663	9.1148e-009
1664	8.6092e-009
1665	8.0521e-009
1666	6.8191e-009
1667	6.4789e-009
1668	7.4793e-009
1669	1.1025e-008
1670	2.8764e-008
1671	4.1308e-008
1672	3.5348e-008
1673	3.7096e-009
1674	5.3052e-009
1675	6.8418e-009
1676	7.1643e-009
1677	7.5466e-009
1678	7.8216e-009
1679	8.1111e-009
1680	8.4994e-009
1681	8.8284e-009
1682	9.1591e-009
1683	9.5383e-009
1684	9.9432e-009
1685	1.0337e-008
1686	1.0752e-008
1687	1.1179e-008
1688	1.1626e-008
1689	1.209e-008
1690	1.2571e-008
1691	1.3069e-008
1692	1.3586e-008
1693	1.4127e-008
1694	1.4694e-008
1695	1.5237e-008
1696	1.5847e-008
1697	1.6528e-008
1698	1.7092e-008
1699	1.7828e-008
1700	1.8505e-008
1701	1.9247e-008
1702	1.9984e-008
1703	2.0792e-008
1704	2.1627e-008
1705	2.2427e-008
1706	2.3365e-008
1707	2.4259e-008
1708	2.5222e-008
1709	2.6203e-008
1710	2.7257e-008
1711	2.7278e-008
1712	2.6291e-008
1713	2.5357e-008
1714	2.4435e-008
1715	2.3627e-008
1716	2.2621e-008
1717	2.1938e-008
1718	2.1124e-008
1719	2.0284e-008
1720	1.9563e-008
1721	1.8873e-008
1722	1.8289e-008
1723	1.7161e-008
1724	1.7172e-008
1725	1.6105e-008
1726	1.5388e-008
1727	1.5126e-008
1728	1.4429e-008
1729	1.3823e-008
1730	1.3276e-008
1731	1.2763e-008
1732	1.2213e-008
1733	1.1436e-008
1734	1.1384e-008
1735	1.0735e-008
1736	1.0349e-008
1737	1.0129e-008
1738	9.5013e-009
1739	9.0859e-009
1740	8.6309e-009
1741	8.0728e-009
1742	6.7464e-009
1743	6.4655e-009
1744	7.4699e-009
1745	1.1053e-008
1746	2.8771e-008
1747	4.1959e-008
1748	3.5762e-008
1749	3.7873e-009
1750	5.4061e-009
1751	6.9558e-009
1752	7.302e-009
1753	7.6725e-009
1754	7.9564e-009
1755	8.2607e-009
1756	8.6434e-009
1757	8.9788e-009
1758	9.3222e-009
1759	9.7075e-009
1760	1.0117e-008
1761	1.0515e-008
1762	1.0936e-008
1763	1.1374e-008
1764	1.1826e-008
1765	1.2298e-008
1766	1.2789e-008
1767	1.3293e-008
1768	1.3818e-008
1769	1.4369e-008
1770	1.4948e-008
1771	1.5501e-008
1772	1.6121e-008
1773	1.681e-008
1774	1.7388e-008
1775	1.8134e-008
1776	1.8821e-008
1777	1.9575e-008
1778	2.0327e-008
1779	2.1153e-008
1780	2.2001e-008
1781	2.2814e-008
1782	2.3769e-008
1783	2.4678e-008
1784	2.5655e-008
1785	2.6653e-008
1786	2.7726e-008
1787	2.7748e-008
1788	2.6746e-008
1789	2.5798e-008
1790	2.4859e-008
1791	2.4038e-008
1792	2.3018e-008
1793	2.2316e-008
1794	2.1491e-008
1795	2.0634e-008
1796	1.9908e-008
1797	1.9199e-008
1798	1.8609e-008
1799	1.7481e-008
1800	1.7465e-008
1801	1.6406e-008
1802	1.5693e-008
1803	1.5407e-008
1804	1.4694e-008
1805	1.4091e-008
1806	1.3542e-008
1807	1.3018e-008
1808	1.2457e-008
1809	1.1669e-008
1810	1.16e-008
1811	1.094e-008
1812	1.0525e-008
1813	1.0307e-008
1814	9.6903e-009
1815	9.2843e-009
1816	8.7729e-009
1817	8.2103e-009
1818	6.9648e-009
1819	6.6203e-009
1820	7.6397e-009
1821	1.1139e-008
1822	2.922e-008
1823	4.1952e-008
1824	3.6332e-008
1825	3.6821e-009
1826	5.1793e-009
1827	6.6549e-009
1828	6.972e-009
1829	7.3431e-009
1830	7.6112e-009
1831	7.8943e-009
1832	8.2695e-009
1833	8.5898e-009
1834	8.9135e-009
1835	9.2827e-009
1836	9.674e-009
1837	1.0055e-008
1838	1.0458e-008
1839	1.0874e-008
1840	1.131e-008
1841	1.1762e-008
1842	1.2231e-008
1843	1.2716e-008
1844	1.3219e-008
1845	1.3745e-008
1846	1.4295e-008
1847	1.4821e-008
1848	1.5415e-008
1849	1.6077e-008
1850	1.6625e-008
1851	1.7342e-008
1852	1.8003e-008
1853	1.8725e-008
1854	1.9443e-008
1855	2.0231e-008
1856	2.1042e-008
1857	2.1816e-008
1858	2.2733e-008
1859	2.3602e-008
1860	2.4538e-008
1861	2.5495e-008
1862	2.6518e-008
1863	2.654e-008
1864	2.5583e-008
1865	2.4673e-008
1866	2.3772e-008
1867	2.2986e-008
1868	2.201e-008
1869	2.1344e-008
1870	2.0551e-008
1871	1.9741e-008
1872	1.9037e-008
1873	1.8371e-008
1874	1.7801e-008
1875	1.6703e-008
1876	1.6719e-008
1877	1.5681e-008
1878	1.4982e-008
1879	1.4729e-008
1880	1.4049e-008
1881	1.3459e-008
1882	1.2928e-008
1883	1.243e-008
1884	1.1893e-008
1885	1.1138e-008
1886	1.1093e-008
1887	1.0446e-008
1888	1.0078e-008
1889	9.867e-009
1890	9.2635e-009
1891	8.8572e-009
1892	8.3976e-009
1893	7.8483e-009
1894	6.5633e-009
1895	6.2776e-009
1896	7.2576e-009
1897	1.0921e-008
1898	2.8048e-008
1899	4.0897e-008
1900	3.4197e-008
1901	3.7873e-009
1902	5.4067e-009
1903	6.9567e-009
1904	7.3032e-009
1905	7.675e-009
1906	7.9594e-009
1907	8.2627e-009
1908	8.646e-009
1909	8.9834e-009
1910	9.328e-009
1911	9.7116e-009
1912	1.0119e-008
1913	1.0517e-008
1914	1.0939e-008
1915	1.1376e-008
1916	1.1831e-008
1917	1.2304e-008
1918	1.2793e-008
1919	1.3299e-008
1920	1.3825e-008
1921	1.4375e-008
1922	1.4952e-008
1923	1.5509e-008
1924	1.6128e-008
1925	1.6817e-008
1926	1.7393e-008
1927	1.8141e-008
1928	1.8832e-008
1929	1.9585e-008
1930	2.0336e-008
1931	2.1162e-008
1932	2.2008e-008
1933	2.2822e-008
1934	2.3779e-008
1935	2.4688e-008
1936	2.566e-008
1937	2.6659e-008
1938	2.7733e-008
1939	2.7756e-008
1940	2.6753e-008
1941	2.5801e-008
1942	2.4864e-008
1943	2.4045e-008
1944	2.3021e-008
1945	2.2318e-008
1946	2.1498e-008
1947	2.0646e-008
1948	1.9916e-008
1949	1.9204e-008
1950	1.8611e-008
1951	1.748e-008
1952	1.7463e-008
1953	1.6403e-008
1954	1.5688e-008
1955	1.5398e-008
1956	1.4685e-008
1957	1.4081e-008
1958	1.3532e-008
1959	1.3008e-008
1960	1.2448e-008
1961	1.166e-008
1962	1.1592e-008
1963	1.0935e-008
1964	1.0521e-008
1965	1.0304e-008
1966	9.6864e-009
1967	9.2803e-009
1968	8.7696e-009
1969	8.2052e-009
1970	6.9573e-009
1971	6.6119e-009
1972	7.635e-009
1973	1.1138e-008
1974	2.9219e-008
1975	4.1956e-008
1976	3.6332e-008
1977	3.7074e-009
1978	5.3035e-009
1979	6.84e-009
1980	7.163e-009
1981	7.5456e-009
1982	7.821e-009
1983	8.1103e-009
1984	8.4992e-009
1985	8.8291e-009
1986	9.1595e-009
1987	9.5376e-009
1988	9.9407e-009
1989	1.0334e-008
1990	1.0749e-008
1991	1.1179e-008
1992	1.1625e-008
1993	1.209e-008
1994	1.257e-008
1995	1.3068e-008
1996	1.3586e-008
1997	1.4127e-008
1998	1.4694e-008
1999	1.5237e-008
2000	1.5846e-008
2001	1.6527e-008
2002	1.709e-008
2003	1.7826e-008
2004	1.8504e-008
2005	1.9246e-008
2006	1.9982e-008
2007	2.0789e-008
2008	2.1623e-008
2009	2.2422e-008
2010	2.3359e-008
2011	2.4252e-008
2012	2.5208e-008
2013	2.6188e-008
2014	2.7242e-008
2015	2.7262e-008
2016	2.6276e-008
2017	2.5342e-008
2018	2.4423e-008
2019	2.3617e-008
2020	2.2611e-008
2021	2.193e-008
2022	2.1119e-008
2023	2.0283e-008
2024	1.9563e-008
2025	1.8876e-008
2026	1.8292e-008
2027	1.7165e-008
2028	1.7179e-008
2029	1.6113e-008
2030	1.5397e-008
2031	1.5135e-008
2032	1.4438e-008
2033	1.3831e-008
2034	1.3282e-008
2035	1.2765e-008
2036	1.2213e-008
2037	1.1432e-008
2038	1.1377e-008
2039	1.0727e-008
2040	1.034e-008
2041	1.0121e-008
2042	9.4937e-009
2043	9.0809e-009
2044	8.6296e-009
2045	8.0772e-009
2046	6.7544e-009
2047	6.4783e-009
2048	7.4766e-009
2049	1.1049e-008
2050	2.8762e-008
2051	4.1953e-008
2052	3.5764e-008
2053	3.7631e-009
2054	5.317e-009
2055	6.8328e-009
2056	7.1727e-009
2057	7.5375e-009
2058	7.8156e-009
2059	8.1144e-009
2060	8.4913e-009
2061	8.8212e-009
2062	9.1579e-009
2063	9.5351e-009
2064	9.9362e-009
2065	1.0329e-008
2066	1.0745e-008
2067	1.1175e-008
2068	1.1619e-008
2069	1.2083e-008
2070	1.2564e-008
2071	1.306e-008
2072	1.3575e-008
2073	1.4114e-008
2074	1.4685e-008
2075	1.5231e-008
2076	1.5838e-008
2077	1.6516e-008
2078	1.7083e-008
2079	1.7818e-008
2080	1.8493e-008
2081	1.9235e-008
2082	1.9969e-008
2083	2.0778e-008
2084	2.1614e-008
2085	2.2414e-008
2086	2.335e-008
2087	2.4246e-008
2088	2.5204e-008
2089	2.6181e-008
2090	2.7239e-008
2091	2.7261e-008
2092	2.6274e-008
2093	2.5344e-008
2094	2.4425e-008
2095	2.3616e-008
2096	2.2609e-008
2097	2.1925e-008
2098	2.1116e-008
2099	2.0274e-008
2100	1.9555e-008
2101	1.886e-008
2102	1.8278e-008
2103	1.7162e-008
2104	1.7152e-008
2105	1.6104e-008
2106	1.5399e-008
2107	1.5119e-008
2108	1.4416e-008
2109	1.3822e-008
2110	1.3283e-008
2111	1.2771e-008
2112	1.2221e-008
2113	1.1452e-008
2114	1.1393e-008
2115	1.0736e-008
2116	1.0336e-008
2117	1.0125e-008
2118	9.5202e-009
2119	9.1185e-009
2120	8.6108e-009
2121	8.0505e-009
2122	6.8152e-009
2123	6.4713e-009
2124	7.476e-009
2125	1.1029e-008
2126	2.8772e-008
2127	4.1313e-008
2128	3.5348e-008
2129	3.762e-009
2130	5.3144e-009
2131	6.8294e-009
2132	7.1695e-009
2133	7.5354e-009
2134	7.8141e-009
2135	8.1116e-009
2136	8.4875e-009
2137	8.8173e-009
2138	9.1556e-009
2139	9.5335e-009
2140	9.9349e-009
2141	1.0327e-008
2142	1.0742e-008
2143	1.117e-008
2144	1.1615e-008
2145	1.2077e-008
2146	1.2558e-008
2147	1.3055e-008
2148	1.3571e-008
2149	1.4111e-008
2150	1.4679e-008
2151	1.5224e-008
2152	1.5833e-008
2153	1.6509e-008
2154	1.7074e-008
2155	1.781e-008
2156	1.8485e-008
2157	1.9227e-008
2158	1.9964e-008
2159	2.0774e-008
2160	2.1608e-008
2161	2.2407e-008
2162	2.3343e-008
2163	2.4236e-008
2164	2.5194e-008
2165	2.6173e-008
2166	2.7233e-008
2167	2.7254e-008
2168	2.6265e-008
2169	2.5335e-008
2170	2.4415e-008
2171	2.3608e-008
2172	2.2603e-008
2173	2.1916e-008
2174	2.1107e-008
2175	2.0265e-008
2176	1.9551e-008
2177	1.8856e-008
2178	1.8276e-008
2179	1.7163e-008
2180	1.7156e-008
2181	1.6112e-008
2182	1.5411e-008
2183	1.513e-008
2184	1.4429e-008
2185	1.3835e-008
2186	1.3296e-008
2187	1.2782e-008
2188	1.223e-008
2189	1.1456e-008
2190	1.1395e-008
2191	1.0737e-008
2192	1.0336e-008
2193	1.0125e-008
2194	9.5203e-009
2195	9.1186e-009
2196	8.6111e-009
2197	8.0545e-009
2198	6.823e-009
2199	6.4828e-009
2200	7.4825e-009
2201	1.1029e-008
2202	2.8767e-008
2203	4.1306e-008
2204	3.5349e-008
2205	3.7091e-009
2206	5.3037e-009
2207	6.8398e-009
2208	7.1628e-009
2209	7.5457e-009
2210	7.8209e-009
2211	8.1096e-009
2212	8.497e-009
2213	8.8266e-009
2214	9.1585e-009
2215	9.5376e-009
2216	9.941e-009
2217	1.0335e-008
2218	1.0748e-008
2219	1.1176e-008
2220	1.1623e-008
2221	1.2087e-008
2222	1.2568e-008
2223	1.3067e-008
2224	1.3584e-008
2225	1.4124e-008
2226	1.4691e-008
2227	1.5233e-008
2228	1.5844e-008
2229	1.6523e-008
2230	1.7085e-008
2231	1.7824e-008
2232	1.85e-008
2233	1.9244e-008
2234	1.9981e-008
2235	2.0791e-008
2236	2.1626e-008
2237	2.2423e-008
2238	2.3362e-008
2239	2.4256e-008
2240	2.5215e-008
2241	2.6197e-008
2242	2.7253e-008
2243	2.7274e-008
2244	2.6288e-008
2245	2.5354e-008
2246	2.4429e-008
2247	2.3621e-008
2248	2.2616e-008
2249	2.1931e-008
2250	2.1119e-008
2251	2.0281e-008
2252	1.9562e-008
2253	1.8873e-008
2254	1.8289e-008
2255	1.7162e-008
2256	1.7175e-008
2257	1.611e-008
2258	1.5395e-008
2259	1.5133e-008
2260	1.4437e-008
2261	1.3833e-008
2262	1.3285e-008
2263	1.277e-008
2264	1.2219e-008
2265	1.1438e-008
2266	1.1384e-008
2267	1.0736e-008
2268	1.0349e-008
2269	1.0129e-008
2270	9.5011e-009
2271	9.0855e-009
2272	8.6304e-009
2273	8.0751e-009
2274	6.7511e-009
2275	6.4726e-009
2276	7.4743e-009
2277	1.1053e-008
2278	2.8769e-008
2279	4.1955e-008
2280	3.5764e-008
2281	3.7884e-009
2282	5.4086e-009
2283	6.9589e-009
2284	7.3049e-009
2285	7.676e-009
2286	7.9601e-009
2287	8.2639e-009
2288	8.6479e-009
2289	8.9848e-009
2290	9.3288e-009
2291	9.7124e-009
2292	1.0119e-008
2293	1.0517e-008
2294	1.0941e-008
2295	1.1378e-008
2296	1.1833e-008
2297	1.2305e-008
2298	1.2795e-008
2299	1.3302e-008
2300	1.3826e-008
2301	1.4375e-008
2302	1.4954e-008
2303	1.551e-008
2304	1.6129e-008
2305	1.682e-008
2306	1.7397e-008
2307	1.8146e-008
2308	1.8835e-008
2309	1.9588e-008
2310	2.0338e-008
2311	2.1164e-008
2312	2.2012e-008
2313	2.2824e-008
2314	2.3782e-008
2315	2.4693e-008
2316	2.5664e-008
2317	2.666e-008
2318	2.7736e-008
2319	2.7761e-008
2320	2.6756e-008
2321	2.5808e-008
2322	2.4871e-008
2323	2.4048e-008
2324	2.3025e-008
2325	2.2324e-008
2326	2.1503e-008
2327	2.0648e-008
2328	1.9918e-008
2329	1.9205e-008
2330	1.8611e-008
2331	1.7479e-008
2332	1.7461e-008
2333	1.6399e-008
2334	1.5682e-008
2335	1.5392e-008
2336	1.4679e-008
2337	1.4075e-008
2338	1.3527e-008
2339	1.3004e-008
2340	1.2445e-008
2341	1.1659e-008
2342	1.1592e-008
2343	1.0936e-008
2344	1.0523e-008
2345	1.0305e-008
2346	9.6871e-009
2347	9.2806e-009
2348	8.7689e-009
2349	8.2026e-009
2350	6.953e-009
2351	6.6058e-009
2352	7.6315e-009
2353	1.1139e-008
2354	2.9223e-008
2355	4.1959e-008
2356	3.6331e-008
2357	3.681e-009
2358	5.1789e-009
2359	6.6547e-009
2360	6.9712e-009
2361	7.3419e-009
2362	7.6101e-009
2363	7.8932e-009
2364	8.2704e-009
2365	8.5919e-009
2366	8.9141e-009
2367	9.2824e-009
2368	9.6726e-009
2369	1.0054e-008
2370	1.046e-008
2371	1.0878e-008
2372	1.1312e-008
2373	1.1764e-008
2374	1.2232e-008
2375	1.2716e-008
2376	1.3219e-008
2377	1.3748e-008
2378	1.4298e-008
2379	1.4824e-008
2380	1.5416e-008
2381	1.6082e-008
2382	1.663e-008
2383	1.7345e-008
2384	1.8006e-008
2385	1.8727e-008
2386	1.9445e-008
2387	2.0229e-008
2388	2.104e-008
2389	2.1816e-008
2390	2.273e-008
2391	2.36e-008
2392	2.4526e-008
2393	2.5479e-008
2394	2.6503e-008
2395	2.6526e-008
2396	2.5568e-008
2397	2.466e-008
2398	2.3769e-008
2399	2.298e-008
2400	2.2006e-008
2401	2.1343e-008
2402	2.0551e-008
2403	1.9743e-008
2404	1.9038e-008
2405	1.8373e-008
2406	1.7803e-008
2407	1.6706e-008
2408	1.6723e-008
2409	1.5684e-008
2410	1.4986e-008
2411	1.4732e-008
2412	1.4053e-008
2413	1.3459e-008
2414	1.2928e-008
2415	1.2429e-008
2416	1.1889e-008
2417	1.1134e-008
2418	1.1087e-008
2419	1.0438e-008
2420	1.0069e-008
2421	9.8588e-009
2422	9.2559e-009
2423	8.8519e-009
2424	8.3965e-009
2425	7.8515e-009
2426	6.5689e-009
2427	6.2873e-009
2428	7.2627e-009
2429	1.0918e-008
2430	2.8042e-008
2431	4.0895e-008
2432	3.4199e-008
2433	3.7884e-009
2434	5.4086e-009
2435	6.9589e-009
2436	7.3049e-009
2437	7.676e-009
2438	7.9601e-009
2439	8.2639e-009
2440	8.6479e-009
2441	8.9848e-009
2442	9.3288e-009
2443	9.7124e-009
2444	1.0119e-008
2445	1.0517e-008
2446	1.0941e-008
2447	1.1378e-008
2448	1.1833e-008
2449	1.2305e-008
2450	1.2795e-008
2451	1.3302e-008
2452	1.3826e-008
2453	1.4375e-008
2454	1.4954e-008
2455	1.551e-008
2456	1.6129e-008
2457	1.682e-008
2458	1.7397e-008
2459	1.8146e-008
2460	1.8835e-008
2461	1.9588e-008
2462	2.0338e-008
2463	2.1164e-008
2464	2.2012e-008
2465	2.2824e-008
2466	2.3782e-008
2467	2.4693e-008
2468	2.5664e-008
2469	2.666e-008
2470	2.7736e-008
2471	2.7761e-008
2472	2.6756e-008
2473	2.5808e-008
2474	2.4871e-008
2475	2.4048e-008
2476	2.3025e-008
2477	2.2324e-008
2478	2.1503e-008
2479	2.0648e-008
2480	1.9918e-008
2481	1.9205e-008
2482	1.8611e-008
2483	1.7479e-008
2484	1.7461e-008
2485	1.6399e-008
2486	1.5682e-008
2487	1.5392e-008
2488	1.4679e-008
2489	1.4075e-008
2490	1.3527e-008
2491	1.3004e-008
2492	1.2445e-008
2493	1.1659e-008
2494	1.1592e-008
2495	1.0936e-008
2496	1.0523e-008
2497	1.0305e-008
2498	9.6871e-009
2499	9.2806e-009
2500	8.7689e-009
2501	8.2026e-009
2502	6.953e-009
2503	6.6058e-009
2504	7.6315e-009
2505	1.1139e-008
2506	2.9223e-008
2507	4.1959e-008
2508	3.6331e-008
2509	3.7091e-009
2510	5.3037e-009
2511	6.8398e-009
2512	7.1628e-009
2513	7.5457e-009
2514	7.8209e-009
2515	8.1096e-009
2516	8.497e-009
2517	8.8266e-009
2518	9.1585e-009
2519	9.5376e-009
2520	9.941e-009
2521	1.0335e-008
2522	1.0748e-008
2523	1.1176e-008
2524	1.1623e-008
2525	1.2087e-008
2526	1.2568e-008
2527	1.3067e-008
2528	1.3584e-008
2529	1.4124e-008
2530	1.4691e-008
2531	1.5233e-008
2532	1.5844e-008
2533	1.6523e-008
2534	1.7085e-008
2535	1.7824e-008
2536	1.85e-008
2537	1.9244e-008
2538	1.9981e-008
2539	2.0791e-008
2540	2.1626e-008
2541	2.2423e-008
2542	2.3362e-008
2543	2.4256e-008
2544	2.5215e-008
2545	2.6197e-008
2546	2.7253e-008
2547	2.7274e-008
2548	2.6288e-008
2549	2.5354e-008
2550	2.4429e-008
2551	2.3621e-008
2552	2.2616e-008
2553	2.1931e-008
2554	2.1119e-008
2555	2.0281e-008
2556	1.9562e-008
2557	1.8873e-008
2558	1.8289e-008
2559	1.7162e-008
2560	1.7175e-008
2561	1.611e-008
2562	1.5395e-008
2563	1.5133e-008
2564	1.4437e-008
2565	1.3833e-008
2566	1.3285e-008
2567	1.277e-008
2568	1.2219e-008
2569	1.1438e-008
2570	1.1384e-008
2571	1.0736e-008
2572	1.0349e-008
2573	1.0129e-008
2574	9.5011e-009
2575	9.0855e-009
2576	8.6304e-009
2577	8.0751e-009
2578	6.7511e-009
2579	6.4726e-009
2580	7.4743e-009
2581	1.1053e-008
2582	2.8769e-008
2583	4.1955e-008
2584	3.5764e-008
2585	3.762e-009
2586	5.3144e-009
2587	6.8294e-009
2588	7.1695e-009
2589	7.5354e-009
2590	7.8141e-009
2591	8.1116e-009
2592	8.4875e-009
2593	8.8173e-009
2594	9.1556e-009
2595	9.5335e-009
2596	9.9349e-009
2597	1.0327e-008
2598	1.0742e-008
2599	1.117e-008
2600	1.1615e-008
2601	1.2077e-008
2602	1.2558e-008
2603	1.3055e-008
2604	1.3571e-008
2605	1.4111e-008
2606	1.4679e-008
2607	1.5224e-008
2608	1.5833e-008
2609	1.6509e-008
2610	1.7074e-008
2611	1.781e-008
2612	1.8485e-008
2613	1.9227e-008
2614	1.9964e-008
2615	2.0774e-008
2616	2.1608e-008
2617	2.2407e-008
2618	2.3343e-008
2619	2.4236e-008
2620	2.5194e-008
2621	2.6173e-008
2622	2.7233e-008
2623	2.7254e-008
2624	2.6265e-008
2625	2.5335e-008
2626	2.4415e-008
2627	2.3608e-008
2628	2.2603e-008
2629	2.1916e-008
2630	2.1107e-008
2631	2.0265e-008
2632	1.9551e-008
2633	1.8856e-008
2634	1.8276e-008
2635	1.7163e-008
2636	1.7156e-008
2637	1.6112e-008
2638	1.5411e-008
2639	1.513e-008
2640	1.4429e-008
2641	1.3835e-008
2642	1.3296e-008
2643	1.2782e-008
2644	1.223e-008
2645	1.1456e-008
2646	1.1395e-008
2647	1.0737e-008
2648	1.0336e-008
2649	1.0125e-008
2650	9.5203e-009
2651	9.1186e-009
2652	8.6111e-009
2653	8.0545e-009
2654	6.823e-009
2655	6.4828e-009
2656	7.4825e-009
2657	1.1029e-008
2658	2.8767e-008
2659	4.1306e-008
2660	3.5349e-008
2661	3.7631e-009
2662	5.317e-009
2663	6.8328e-009
2664	7.1727e-009
2665	7.5375e-009
2666	7.8156e-009
2667	8.1144e-009
2668	8.4913e-009
2669	8.8212e-009
2670	9.1579e-009
2671	9.5351e-009
2672	9.9362e-009
2673	1.0329e-008
2674	1.0745e-008
2675	1.1175e-008
2676	1.1619e-008
2677	1.2083e-008
2678	1.2564e-008
2679	1.306e-008
2680	1.3575e-008
2681	1.4114e-008
2682	1.4685e-008
2683	1.5231e-008
2684	1.5838e-008
2685	1.6516e-008
2686	1.7083e-008
2687	1.7818e-008
2688	1.8493e-008
2689	1.9235e-008
2690	1.9969e-008
2691	2.0778e-008
2692	2.1614e-008
2693	2.2414e-008
2694	2.335e-008
2695	2.4246e-008
2696	2.5204e-008
2697	2.6181e-008
2698	2.7239e-008
2699	2.7261e-008
2700	2.6274e-008
2701	2.5344e-008
2702	2.4425e-008
2703	2.3616e-008
2704	2.2609e-008
2705	2.1925e-008
2706	2.1116e-008
2707	2.0274e-008
2708	1.9555e-008
2709	1.886e-008
2710	1.8278e-008
2711	1.7162e-008
2712	1.7152e-008
2713	1.6104e-008
2714	1.5399e-008
2715	1.5119e-008
2716	1.4416e-008
2717	1.3822e-008
2718	1.3283e-008
2719	1.2771e-008
2720	1.2221e-008
2721	1.1452e-008
2722	1.1393e-008
2723	1.0736e-008
2724	1.0336e-008
2725	1.0125e-008
2726	9.5202e-009
2727	9.1185e-009
2728	8.6108e-009
2729	8.0505e-009
2730	6.8152e-009
2731	6.4713e-009
2732	7.476e-009
2733	1.1029e-008
2734	2.8772e-008
2735	4.1313e-008
2736	3.5348e-008
2737	3.7074e-009
2738	5.3035e-009
2739	6.84e-009
2740	7.163e-009
2741	7.5456e-009
2742	7.821e-009
2743	8.1103e-009
2744	8.4992e-009
2745	8.8291e-009
2746	9.1595e-009
2747	9.5376e-009
2748	9.9407e-009
2749	1.0334e-008
2750	1.0749e-008
2751	1.1179e-008
2752	1.1625e-008
2753	1.209e-008
2754	1.257e-008
2755	1.3068e-008
2756	1.3586e-008
2757	1.4127e-008
2758	1.4694e-008
2759	1.5237e-008
2760	1.5846e-008
2761	1.6527e-008
2762	1.709e-008
2763	1.7826e-008
2764	1.8504e-008
2765	1.9246e-008
2766	1.9982e-008
2767	2.0789e-008
2768	2.1623e-008
2769	2.2422e-008
2770	2.3359e-008
2771	2.4252e-008
2772	2.5208e-008
2773	2.6188e-008
2774	2.7242e-008
2775	2.7262e-008
2776	2.6276e-008
2777	2.5342e-008
2778	2.4423e-008
2779	2.3617e-008
2780	2.2611e-008
2781	2.193e-008
2782	2.1119e-008
2783	2.0283e-008
2784	1.9563e-008
2785	1.8876e-008
2786	1.8292e-008
2787	1.7165e-008
2788	1.7179e-008
2789	1.6113e-008
2790	1.5397e-008
2791	1.5135e-008
2792	1.4438e-008
2793	1.3831e-008
2794	1.3282e-008
2795	1.2765e-008
2796	1.2213e-008
2797	1.1432e-008
2798	1.1377e-008
2799	1.0727e-008
2800	1.034e-008
2801	1.0121e-008
2802	9.4937e-009
2803	9.0809e-009
2804	8.6296e-009
2805	8.0772e-009
2806	6.7544e-009
2807	6.4783e-009
2808	7.4766e-009
2809	1.1049e-008
2810	2.8762e-008
2811	4.1953e-008
2812	3.5764e-008
2813	3.7873e-009
2814	5.4067e-009
2815	6.9567e-009
2816	7.3032e-009
2817	7.675e-009
2818	7.9594e-009
2819	8.2627e-009
2820	8.646e-009
2821	8.9834e-009
2822	9.328e-009
2823	9.7116e-009
2824	1.0119e-008
2825	1.0517e-008
2826	1.0939e-008
2827	1.1376e-008
2828	1.1831e-008
2829	1.2304e-008
2830	1.2793e-008
2831	1.3299e-008
2832	1.3825e-008
2833	1.4375e-008
2834	1.4952e-008
2835	1.5509e-008
2836	1.6128e-008
2837	1.6817e-008
2838	1.7393e-008
2839	1.8141e-008
2840	1.8832e-008
2841	1.9585e-008
2842	2.0336e-008
2843	2.1162e-008
2844	2.2008e-008
2845	2.2822e-008
2846	2.3779e-008
2847	2.4688e-008
2848	2.566e-008
2849	2.6659e-008
2850	2.7733e-008
2851	2.7756e-008
2852	2.6753e-008
2853	2.5801e-008
2854	2.4864e-008
2855	2.4045e-008
2856	2.3021e-008
2857	2.2318e-008
2858	2.1498e-008
2859	2.0646e-008
2860	1.9916e-008
2861	1.9204e-008
2862	1.8611e-008
2863	1.748e-008
2864	1.7463e-008
2865	1.6403e-008
2866	1.5688e-008
2867	1.5398e-008
2868	1.4685e-008
2869	1.4081e-008
2870	1.3532e-008
2871	1.3008e-008
2872	1.2448e-008
2873	1.166e-008
2874	1.1592e-008
2875	1.0935e-008
2876	1.0521e-008
2877	1.0304e-008
2878	9.6864e-009
2879	9.2803e-009
2880	8.7696e-009
2881	8.2052e-009
2882	6.9573e-009
2883	6.6119e-009
2884	7.635e-009
2885	1.1138e-008
2886	2.9219e-008
2887	4.1956e-008
2888	3.6332e-008
2889	3.6821e-009
2890	5.1793e-009
2891	6.6549e-009
2892	6.972e-009
2893	7.3431e-009
2894	7.6112e-009
2895	7.8943e-009
2896	8.2695e-009
2897	8.5898e-009
2898	8.9135e-009
2899	9.2827e-009
2900	9.674e-009
2901	1.0055e-008
2902	1.0458e-008
2903	1.0874e-008
2904	1.131e-008
2905	1.1762e-008
2906	1.2231e-008
2907	1.2716e-008
2908	1.3219e-008
2909	1.3745e-008
2910	1.4295e-008
2911	1.4821e-008
2912	1.5415e-008
2913	1.6077e-008
2914	1.6625e-008
2915	1.7342e-008
2916	1.8003e-008
2917	1.8725e-008
2918	1.9443e-008
2919	2.0231e-008
2920	2.1042e-008
2921	2.1816e-008
2922	2.2733e-008
2923	2.3602e-008
2924	2.4538e-008
2925	2.5495e-008
2926	2.6518e-008
2927	2.654e-008
2928	2.5583e-008
2929	2.4673e-008
2930	2.3772e-008
2931	2.2986e-008
2932	2.201e-008
2933	2.1344e-008
2934	2.0551e-008
2935	1.9741e-008
2936	1.9037e-008
2937	1.8371e-008
2938	1.7801e-008
2939	1.6703e-008
2940	1.6719e-008
2941	1.5681e-008
2942	1.4982e-008
2943	1.4729e-008
2944	1.4049e-008
2945	1.3459e-008
2946	1.2928e-008
2947	1.243e-008
2948	1.1893e-008
2949	1.1138e-008
2950	1.1093e-008
2951	1.0446e-008
2952	1.0078e-008
2953	9.867e-009
2954	9.2635e-009
2955	8.8572e-009
2956	8.3976e-009
2957	7.8483e-009
2958	6.5633e-009
2959	6.2776e-009
2960	7.2576e-009
2961	1.0921e-008
2962	2.8048e-008
2963	4.0897e-008
2964	3.4197e-008
2965	3.7873e-009
2966	5.4061e-009
2967	6.9558e-009
2968	7.302e-009
2969	7.6725e-009
2970	7.9564e-009
2971	8.2607e-009
2972	8.6434e-009
2973	8.9788e-009
2974	9.3222e-009
2975	9.7075e-009
2976	1.0117e-008
2977	1.0515e-008
2978	1.0936e-008
2979	1.1374e-008
2980	1.1826e-008
2981	1.2298e-008
2982	1.2789e-008
2983	1.3293e-008
2984	1.3818e-008
2985	1.4369e-008
2986	1.4948e-008
2987	1.5501e-008
2988	1.6121e-008
2989	1.681e-008
2990	1.7388e-008
2991	1.8134e-008
2992	1.8821e-008
2993	1.9575e-008
2994	2.0327e-008
2995	2.1153e-008
2996	2.2001e-008
2997	2.2814e-008
2998	2.3769e-008
2999	2.4678e-008
3000	2.5655e-008
3001	2.6653e-008
3002	2.7726e-008
3003	2.7748e-008
3004	2.6746e-008
3005	2.5798e-008
3006	2.4859e-008
3007	2.4038e-008
3008	2.3018e-008
3009	2.2316e-008
3010	2.1491e-008
3011	2.0634e-008
3012	1.9908e-008
3013	1.9199e-008
3014	1.8609e-008
3015	1.7481e-008
3016	1.7465e-008
3017	1.6406e-008
3018	1.5693e-008
3019	1.5407e-008
3020	1.4694e-008
3021	1.4091e-008
3022	1.3542e-008
3023	1.3018e-008
3024	1.2457e-008
3025	1.1669e-008
3026	1.16e-008
3027	1.094e-008
3028	1.0525e-008
3029	1.0307e-008
3030	9.6903e-009
3031	9.2843e-009
3032	8.7729e-009
3033	8.2103e-009
3034	6.9648e-009
3035	6.6203e-009
3036	7.6397e-009
3037	1.1139e-008
3038	2.922e-008
3039	4.1952e-008
3040	3.6332e-008
3041	3.7096e-009
3042	5.3052e-009
3043	6.8418e-009
3044	7.1643e-009
3045	7.5466e-009
3046	7.8216e-009
3047	8.1111e-009
3048	8.4994e-009
3049	8.8284e-009
3050	9.1591e-009
3051	9.5383e-009
3052	9.9432e-009
3053	1.0337e-008
3054	1.0752e-008
3055	1.1179e-008
3056	1.1626e-008
3057	1.209e-008
3058	1.2571e-008
3059	1.3069e-008
3060	1.3586e-008
3061	1.4127e-008
3062	1.4694e-008
3063	1.5237e-008
3064	1.5847e-008
3065	1.6528e-008
3066	1.7092e-008
3067	1.7828e-008
3068	1.8505e-008
3069	1.9247e-008
3070	1.9984e-008
3071	2.0792e-008
3072	2.1627e-008
3073	2.2427e-008
3074	2.3365e-008
3075	2.4259e-008
3076	2.5222e-008
3077	2.6203e-008
3078	2.7257e-008
3079	2.7278e-008
3080	2.6291e-008
3081	2.5357e-008
3082	2.4435e-008
3083	2.3627e-008
3084	2.2621e-008
3085	2.1938e-008
3086	2.1124e-008
3087	2.0284e-008
3088	1.9563e-008
3089	1.8873e-008
3090	1.8289e-008
3091	1.7161e-008
3092	1.7172e-008
3093	1.6105e-008
3094	1.5388e-008
3095	1.5126e-008
3096	1.4429e-008
3097	1.3823e-008
3098	1.3276e-008
3099	1.2763e-008
3100	1.2213e-008
3101	1.1436e-008
3102	1.1384e-008
3103	1.0735e-008
3104	1.0349e-008
3105	1.0129e-008
3106	9.5013e-009
3107	9.0859e-009
3108	8.6309e-009
3109	8.0728e-009
3110	6.7464e-009
3111	6.4655e-009
3112	7.4699e-009
3113	1.1053e-008
3114	2.8771e-008
3115	4.1959e-008
3116	3.5762e-008
3117	3.7611e-009
3118	5.3145e-009
3119	6.8304e-009
3120	7.1714e-009
3121	7.5376e-009
3122	7.8168e-009
3123	8.1147e-009
3124	8.4911e-009
3125	8.8213e-009
3126	9.1595e-009
3127	9.5356e-009
3128	9.936e-009
3129	1.0328e-008
3130	1.0743e-008
3131	1.1173e-008
3132	1.1619e-008
3133	1.2083e-008
3134	1.2563e-008
3135	1.306e-008
3136	1.3578e-008
3137	1.4117e-008
3138	1.4685e-008
3139	1.5231e-008
3140	1.584e-008
3141	1.6516e-008
3142	1.708e-008
3143	1.7814e-008
3144	1.8493e-008
3145	1.9233e-008
3146	1.9969e-008
3147	2.0778e-008
3148	2.161e-008
3149	2.2411e-008
3150	2.3346e-008
3151	2.4239e-008
3152	2.5196e-008
3153	2.6177e-008
3154	2.7235e-008
3155	2.7251e-008
3156	2.6267e-008
3157	2.5333e-008
3158	2.4412e-008
3159	2.361e-008
3160	2.2603e-008
3161	2.1918e-008
3162	2.1111e-008
3163	2.0274e-008
3164	1.9557e-008
3165	1.8862e-008
3166	1.8279e-008
3167	1.7164e-008
3168	1.7157e-008
3169	1.6111e-008
3170	1.5408e-008
3171	1.5126e-008
3172	1.4423e-008
3173	1.3826e-008
3174	1.3285e-008
3175	1.2771e-008
3176	1.222e-008
3177	1.1446e-008
3178	1.1385e-008
3179	1.0729e-008
3180	1.0329e-008
3181	1.0118e-008
3182	9.5147e-009
3183	9.1148e-009
3184	8.6092e-009
3185	8.0521e-009
3186	6.8191e-009
3187	6.4789e-009
3188	7.4793e-009
3189	1.1025e-008
3190	2.8764e-008
3191	4.1308e-008
3192	3.5348e-008
3193	2.2159e-009
3194	3.9982e-009
3195	5.2855e-009
3196	5.6622e-009
3197	5.7732e-009
3198	6.0743e-009
3199	6.3924e-009
3200	6.5559e-009
3201	6.8471e-009
3202	7.1593e-009
3203	7.4313e-009
3204	7.7133e-009
3205	8.0335e-009
3206	8.3585e-009
3207	8.6962e-009
3208	9.0423e-009
3209	9.4019e-009
3210	9.7759e-009
3211	1.0164e-008
3212	1.0565e-008
3213	1.0977e-008
3214	1.1402e-008
3215	1.1885e-008
3216	1.2343e-008
3217	1.2777e-008
3218	1.3361e-008
3219	1.3825e-008
3220	1.4396e-008
3221	1.495e-008
3222	1.556e-008
3223	1.616e-008
3224	1.6782e-008
3225	1.7487e-008
3226	1.8131e-008
3227	1.8867e-008
3228	1.9605e-008
3229	2.0389e-008
3230	2.1169e-008
3231	2.1199e-008
3232	2.0456e-008
3233	1.9712e-008
3234	1.9021e-008
3235	1.827e-008
3236	1.7739e-008
3237	1.6985e-008
3238	1.6389e-008
3239	1.5841e-008
3240	1.5242e-008
3241	1.4655e-008
3242	1.4e-008
3243	1.3912e-008
3244	1.2787e-008
3245	1.2688e-008
3246	1.2343e-008
3247	1.157e-008
3248	1.1168e-008
3249	1.0778e-008
3250	1.0374e-008
3251	9.9469e-009
3252	9.6595e-009
3253	8.8195e-009
3254	8.8912e-009
3255	8.4259e-009
3256	8.059e-009
3257	7.7141e-009
3258	7.5188e-009
3259	7.3061e-009
3260	6.4779e-009
3261	5.6844e-009
3262	5.7695e-009
3263	5.1703e-009
3264	1.0279e-008
3265	2.3574e-008
3266	2.5841e-008
3267	4.4829e-008
3268	3.3598e-008
3269	2.4451e-009
3270	4.345e-009
3271	5.6581e-009
3272	6.0534e-009
3273	6.1809e-009
3274	6.5005e-009
3275	6.8359e-009
3276	7.0181e-009
3277	7.3277e-009
3278	7.658e-009
3279	7.9508e-009
3280	8.2542e-009
3281	8.5962e-009
3282	8.9433e-009
3283	9.3043e-009
3284	9.6737e-009
3285	1.0059e-008
3286	1.0459e-008
3287	1.0875e-008
3288	1.1303e-008
3289	1.1745e-008
3290	1.2199e-008
3291	1.2715e-008
3292	1.3204e-008
3293	1.3671e-008
3294	1.4294e-008
3295	1.4791e-008
3296	1.5402e-008
3297	1.5994e-008
3298	1.6646e-008
3299	1.7289e-008
3300	1.7958e-008
3301	1.8716e-008
3302	1.9402e-008
3303	2.019e-008
3304	2.0981e-008
3305	2.1822e-008
3306	2.266e-008
3307	2.2696e-008
3308	2.1896e-008
3309	2.1101e-008
3310	2.0363e-008
3311	1.9559e-008
3312	1.8985e-008
3313	1.8183e-008
3314	1.7544e-008
3315	1.6957e-008
3316	1.6314e-008
3317	1.5687e-008
3318	1.4986e-008
3319	1.4874e-008
3320	1.3686e-008
3321	1.356e-008
3322	1.3179e-008
3323	1.2364e-008
3324	1.1934e-008
3325	1.1514e-008
3326	1.1078e-008
3327	1.0625e-008
3328	1.0315e-008
3329	9.4309e-009
3330	9.5169e-009
3331	9.0225e-009
3332	8.6393e-009
3333	8.266e-009
3334	8.0448e-009
3335	7.8044e-009
3336	6.9555e-009
3337	6.1175e-009
3338	6.1465e-009
3339	5.5559e-009
3340	1.0702e-008
3341	2.3933e-008
3342	2.6847e-008
3343	4.6733e-008
3344	3.5053e-008
3345	2.2924e-009
3346	4.1974e-009
3347	5.5193e-009
3348	5.9074e-009
3349	6.0362e-009
3350	6.3471e-009
3351	6.6716e-009
3352	6.8517e-009
3353	7.1541e-009
3354	7.4759e-009
3355	7.7626e-009
3356	8.0608e-009
3357	8.3946e-009
3358	8.7319e-009
3359	9.0843e-009
3360	9.4441e-009
3361	9.8201e-009
3362	1.0211e-008
3363	1.0617e-008
3364	1.1035e-008
3365	1.1468e-008
3366	1.191e-008
3367	1.2411e-008
3368	1.2888e-008
3369	1.3346e-008
3370	1.3955e-008
3371	1.4444e-008
3372	1.5039e-008
3373	1.5618e-008
3374	1.6255e-008
3375	1.688e-008
3376	1.7529e-008
3377	1.8266e-008
3378	1.8935e-008
3379	1.9706e-008
3380	2.0478e-008
3381	2.1296e-008
3382	2.2113e-008
3383	2.2144e-008
3384	2.1365e-008
3385	2.0593e-008
3386	1.987e-008
3387	1.9086e-008
3388	1.8529e-008
3389	1.7749e-008
3390	1.7119e-008
3391	1.655e-008
3392	1.5921e-008
3393	1.5314e-008
3394	1.4639e-008
3395	1.4523e-008
3396	1.3387e-008
3397	1.3258e-008
3398	1.2889e-008
3399	1.211e-008
3400	1.1696e-008
3401	1.1286e-008
3402	1.0861e-008
3403	1.0416e-008
3404	1.01e-008
3405	9.2301e-009
3406	9.3141e-009
3407	8.8183e-009
3408	8.4398e-009
3409	8.0697e-009
3410	7.8467e-009
3411	7.61e-009
3412	6.7932e-009
3413	5.985e-009
3414	5.9934e-009
3415	5.42e-009
3416	1.0703e-008
3417	2.3535e-008
3418	2.6572e-008
3419	4.619e-008
3420	3.4215e-008
3421	2.3265e-009
3422	4.0007e-009
3423	5.2513e-009
3424	5.6283e-009
3425	5.7244e-009
3426	6.0264e-009
3427	6.3505e-009
3428	6.5024e-009
3429	6.7918e-009
3430	7.1073e-009
3431	7.3769e-009
3432	7.6545e-009
3433	7.971e-009
3434	8.2936e-009
3435	8.629e-009
3436	8.9725e-009
3437	9.3305e-009
3438	9.7011e-009
3439	1.0087e-008
3440	1.0483e-008
3441	1.0892e-008
3442	1.1313e-008
3443	1.1795e-008
3444	1.2248e-008
3445	1.2674e-008
3446	1.3261e-008
3447	1.3717e-008
3448	1.4284e-008
3449	1.4833e-008
3450	1.544e-008
3451	1.6038e-008
3452	1.6654e-008
3453	1.7359e-008
3454	1.7993e-008
3455	1.8725e-008
3456	1.9458e-008
3457	2.0241e-008
3458	2.1012e-008
3459	2.1043e-008
3460	2.031e-008
3461	1.957e-008
3462	1.8882e-008
3463	1.8136e-008
3464	1.7612e-008
3465	1.6855e-008
3466	1.6271e-008
3467	1.5724e-008
3468	1.5133e-008
3469	1.4543e-008
3470	1.3887e-008
3471	1.3832e-008
3472	1.2661e-008
3473	1.2594e-008
3474	1.2263e-008
3475	1.1461e-008
3476	1.1058e-008
3477	1.0678e-008
3478	1.0278e-008
3479	9.8535e-009
3480	9.5861e-009
3481	8.7458e-009
3482	8.8062e-009
3483	8.3623e-009
3484	7.9932e-009
3485	7.6559e-009
3486	7.4829e-009
3487	7.2868e-009
3488	6.4234e-009
3489	5.6183e-009
3490	5.7893e-009
3491	5.166e-009
3492	9.9551e-009
3493	2.4018e-008
3494	2.5519e-008
3495	4.4392e-008
3496	3.4012e-008
3497	2.2937e-009
3498	4.2e-009
3499	5.5228e-009
3500	5.9113e-009
3501	6.0399e-009
3502	6.3503e-009
3503	6.6748e-009
3504	6.8558e-009
3505	7.1592e-009
3506	7.481e-009
3507	7.7673e-009
3508	8.0637e-009
3509	8.3979e-009
3510	8.7362e-009
3511	9.0883e-009
3512	9.4504e-009
3513	9.8267e-009
3514	1.0218e-008
3515	1.0624e-008
3516	1.1043e-008
3517	1.1474e-008
3518	1.1918e-008
3519	1.2419e-008
3520	1.2897e-008
3521	1.3355e-008
3522	1.3963e-008
3523	1.4452e-008
3524	1.5047e-008
3525	1.5627e-008
3526	1.6264e-008
3527	1.6892e-008
3528	1.7543e-008
3529	1.8278e-008
3530	1.8954e-008
3531	1.9722e-008
3532	2.0493e-008
3533	2.1312e-008
3534	2.213e-008
3535	2.2163e-008
3536	2.1386e-008
3537	2.061e-008
3538	1.9884e-008
3539	1.9102e-008
3540	1.8542e-008
3541	1.7759e-008
3542	1.7132e-008
3543	1.6562e-008
3544	1.5931e-008
3545	1.532e-008
3546	1.4637e-008
3547	1.4517e-008
3548	1.3379e-008
3549	1.3247e-008
3550	1.2875e-008
3551	1.2094e-008
3552	1.168e-008
3553	1.1271e-008
3554	1.0847e-008
3555	1.0404e-008
3556	1.0092e-008
3557	9.2253e-009
3558	9.3112e-009
3559	8.8185e-009
3560	8.443e-009
3561	8.0744e-009
3562	7.849e-009
3563	7.6101e-009
3564	6.7914e-009
3565	5.9782e-009
3566	5.982e-009
3567	5.4055e-009
3568	1.0694e-008
3569	2.3541e-008
3570	2.6585e-008
3571	4.6201e-008
3572	3.4218e-008
3573	2.4424e-009
3574	4.341e-009
3575	5.6538e-009
3576	6.0491e-009
3577	6.177e-009
3578	6.4966e-009
3579	6.8318e-009
3580	7.0141e-009
3581	7.3243e-009
3582	7.6536e-009
3583	7.9458e-009
3584	8.2476e-009
3585	8.5893e-009
3586	8.9372e-009
3587	9.2983e-009
3588	9.6686e-009
3589	1.0054e-008
3590	1.0453e-008
3591	1.0867e-008
3592	1.1296e-008
3593	1.1738e-008
3594	1.2192e-008
3595	1.2706e-008
3596	1.3196e-008
3597	1.3662e-008
3598	1.4286e-008
3599	1.4783e-008
3600	1.5393e-008
3601	1.5985e-008
3602	1.6636e-008
3603	1.7279e-008
3604	1.7944e-008
3605	1.8699e-008
3606	1.9386e-008
3607	2.0171e-008
3608	2.096e-008
3609	2.1796e-008
3610	2.2631e-008
3611	2.2665e-008
3612	2.1869e-008
3613	2.1073e-008
3614	2.0338e-008
3615	1.9539e-008
3616	1.8964e-008
3617	1.8164e-008
3618	1.7529e-008
3619	1.6943e-008
3620	1.6305e-008
3621	1.5683e-008
3622	1.4988e-008
3623	1.4881e-008
3624	1.37e-008
3625	1.3579e-008
3626	1.3201e-008
3627	1.2389e-008
3628	1.1959e-008
3629	1.1536e-008
3630	1.1098e-008
3631	1.0639e-008
3632	1.0322e-008
3633	9.433e-009
3634	9.5127e-009
3635	9.0141e-009
3636	8.6284e-009
3637	8.2554e-009
3638	8.0364e-009
3639	7.7998e-009
3640	6.9566e-009
3641	6.1286e-009
3642	6.1594e-009
3643	5.5791e-009
3644	1.0728e-008
3645	2.3922e-008
3646	2.6832e-008
3647	4.6719e-008
3648	3.5053e-008
3649	2.2176e-009
3650	4.001e-009
3651	5.2884e-009
3652	5.6643e-009
3653	5.7755e-009
3654	6.0762e-009
3655	6.395e-009
3656	6.559e-009
3657	6.8501e-009
3658	7.1625e-009
3659	7.4352e-009
3660	7.7174e-009
3661	8.0374e-009
3662	8.3628e-009
3663	8.7009e-009
3664	9.0461e-009
3665	9.4057e-009
3666	9.7799e-009
3667	1.0169e-008
3668	1.0568e-008
3669	1.0981e-008
3670	1.1407e-008
3671	1.1891e-008
3672	1.2348e-008
3673	1.2781e-008
3674	1.3368e-008
3675	1.3831e-008
3676	1.4404e-008
3677	1.4957e-008
3678	1.5567e-008
3679	1.6167e-008
3680	1.6792e-008
3681	1.7503e-008
3682	1.8144e-008
3683	1.8879e-008
3684	1.9617e-008
3685	2.0405e-008
3686	2.1186e-008
3687	2.1222e-008
3688	2.0474e-008
3689	1.9728e-008
3690	1.904e-008
3691	1.8285e-008
3692	1.7751e-008
3693	1.7e-008
3694	1.6402e-008
3695	1.5853e-008
3696	1.5248e-008
3697	1.4659e-008
3698	1.4001e-008
3699	1.3908e-008
3700	1.2777e-008
3701	1.2672e-008
3702	1.2325e-008
3703	1.155e-008
3704	1.1148e-008
3705	1.0761e-008
3706	1.0359e-008
3707	9.937e-009
3708	9.6556e-009
3709	8.8195e-009
3710	8.8963e-009
3711	8.434e-009
3712	8.0685e-009
3713	7.7226e-009
3714	7.525e-009
3715	7.3095e-009
3716	6.4776e-009
3717	5.6773e-009
3718	5.7612e-009
3719	5.1541e-009
3720	1.0261e-008
3721	2.3584e-008
3722	2.5855e-008
3723	4.4842e-008
3724	3.3601e-008
3725	2.2158e-009
3726	3.9979e-009
3727	5.2849e-009
3728	5.661e-009
3729	5.772e-009
3730	6.0724e-009
3731	6.3906e-009
3732	6.5538e-009
3733	6.8446e-009
3734	7.1571e-009
3735	7.4294e-009
3736	7.7123e-009
3737	8.0326e-009
3738	8.3565e-009
3739	8.6943e-009
3740	9.0394e-009
3741	9.3981e-009
3742	9.7724e-009
3743	1.0161e-008
3744	1.0561e-008
3745	1.0973e-008
3746	1.1398e-008
3747	1.1881e-008
3748	1.2338e-008
3749	1.2772e-008
3750	1.3358e-008
3751	1.3823e-008
3752	1.4392e-008
3753	1.4947e-008
3754	1.5559e-008
3755	1.6156e-008
3756	1.6778e-008
3757	1.7487e-008
3758	1.8124e-008
3759	1.8861e-008
3760	1.9598e-008
3761	2.0383e-008
3762	2.1162e-008
3763	2.1196e-008
3764	2.0451e-008
3765	1.9709e-008
3766	1.9019e-008
3767	1.8266e-008
3768	1.7734e-008
3769	1.6984e-008
3770	1.6384e-008
3771	1.5837e-008
3772	1.5238e-008
3773	1.4652e-008
3774	1.4001e-008
3775	1.3913e-008
3776	1.2788e-008
3777	1.269e-008
3778	1.2348e-008
3779	1.1575e-008
3780	1.1173e-008
3781	1.0786e-008
3782	1.0382e-008
3783	9.9541e-009
3784	9.6651e-009
3785	8.8227e-009
3786	8.8946e-009
3787	8.429e-009
3788	8.0612e-009
3789	7.7148e-009
3790	7.5196e-009
3791	7.3067e-009
3792	6.4776e-009
3793	5.6852e-009
3794	5.7749e-009
3795	5.1746e-009
3796	1.0279e-008
3797	2.3575e-008
3798	2.5835e-008
3799	4.4824e-008
3800	3.3596e-008
3801	2.444e-009
3802	4.3428e-009
3803	5.6557e-009
3804	6.0512e-009
3805	6.1786e-009
3806	6.4979e-009
3807	6.8327e-009
3808	7.0141e-009
3809	7.324e-009
3810	7.6545e-009
3811	7.9474e-009
3812	8.2507e-009
3813	8.5932e-009
3814	8.9394e-009
3815	9.2995e-009
3816	9.67e-009
3817	1.0054e-008
3818	1.0454e-008
3819	1.087e-008
3820	1.1298e-008
3821	1.1738e-008
3822	1.2193e-008
3823	1.2707e-008
3824	1.3198e-008
3825	1.3664e-008
3826	1.4287e-008
3827	1.4784e-008
3828	1.5394e-008
3829	1.5987e-008
3830	1.6641e-008
3831	1.7283e-008
3832	1.795e-008
3833	1.8707e-008
3834	1.9392e-008
3835	2.0179e-008
3836	2.097e-008
3837	2.1809e-008
3838	2.2645e-008
3839	2.268e-008
3840	2.1886e-008
3841	2.1091e-008
3842	2.035e-008
3843	1.9548e-008
3844	1.8974e-008
3845	1.8173e-008
3846	1.7533e-008
3847	1.6947e-008
3848	1.6307e-008
3849	1.5683e-008
3850	1.4986e-008
3851	1.4876e-008
3852	1.3694e-008
3853	1.3571e-008
3854	1.3193e-008
3855	1.238e-008
3856	1.1951e-008
3857	1.153e-008
3858	1.1093e-008
3859	1.0636e-008
3860	1.0322e-008
3861	9.4341e-009
3862	9.5174e-009
3863	9.0207e-009
3864	8.6362e-009
3865	8.2628e-009
3866	8.0425e-009
3867	7.8032e-009
3868	6.9563e-009
3869	6.1233e-009
3870	6.1553e-009
3871	5.5689e-009
3872	1.0712e-008
3873	2.3927e-008
3874	2.6835e-008
3875	4.6724e-008
3876	3.505e-008
3877	2.295e-009
3878	4.2023e-009
3879	5.5251e-009
3880	5.9133e-009
3881	6.042e-009
3882	6.3526e-009
3883	6.6772e-009
3884	6.8588e-009
3885	7.1622e-009
3886	7.4841e-009
3887	7.7707e-009
3888	8.0671e-009
3889	8.4013e-009
3890	8.7403e-009
3891	9.0926e-009
3892	9.4541e-009
3893	9.8307e-009
3894	1.0222e-008
3895	1.0628e-008
3896	1.1047e-008
3897	1.1479e-008
3898	1.1923e-008
3899	1.2425e-008
3900	1.2903e-008
3901	1.336e-008
3902	1.397e-008
3903	1.4459e-008
3904	1.5054e-008
3905	1.5634e-008
3906	1.6271e-008
3907	1.6899e-008
3908	1.755e-008
3909	1.8288e-008
3910	1.8962e-008
3911	1.973e-008
3912	2.0501e-008
3913	2.132e-008
3914	2.2138e-008
3915	2.2173e-008
3916	2.1396e-008
3917	2.0619e-008
3918	1.9895e-008
3919	1.9113e-008
3920	1.855e-008
3921	1.7768e-008
3922	1.7141e-008
3923	1.657e-008
3924	1.5936e-008
3925	1.5322e-008
3926	1.4638e-008
3927	1.4516e-008
3928	1.3374e-008
3929	1.3239e-008
3930	1.2865e-008
3931	1.2082e-008
3932	1.1667e-008
3933	1.1258e-008
3934	1.0835e-008
3935	1.0394e-008
3936	1.0085e-008
3937	9.2204e-009
3938	9.3092e-009
3939	8.818e-009
3940	8.4437e-009
3941	8.0753e-009
3942	7.8497e-009
3943	7.6097e-009
3944	6.7892e-009
3945	5.9724e-009
3946	5.9751e-009
3947	5.3951e-009
3948	1.0681e-008
3949	2.3544e-008
3950	2.659e-008
3951	4.6204e-008
3952	3.4218e-008
3953	2.3239e-009
3954	3.9974e-009
3955	5.2477e-009
3956	5.6247e-009
3957	5.7208e-009
3958	6.0234e-009
3959	6.3473e-009
3960	6.5004e-009
3961	6.7907e-009
3962	7.1052e-009
3963	7.3731e-009
3964	7.6479e-009
3965	7.9637e-009
3966	8.288e-009
3967	8.6254e-009
3968	8.9692e-009
3969	9.3262e-009
3970	9.6968e-009
3971	1.0081e-008
3972	1.0477e-008
3973	1.0886e-008
3974	1.1308e-008
3975	1.1788e-008
3976	1.2241e-008
3977	1.2668e-008
3978	1.3257e-008
3979	1.3711e-008
3980	1.4279e-008
3981	1.4827e-008
3982	1.5432e-008
3983	1.6029e-008
3984	1.6643e-008
3985	1.7348e-008
3986	1.7982e-008
3987	1.871e-008
3988	1.9441e-008
3989	2.0216e-008
3990	2.0989e-008
3991	2.1023e-008
3992	2.0287e-008
3993	1.9545e-008
3994	1.8864e-008
3995	1.8119e-008
3996	1.7593e-008
3997	1.6841e-008
3998	1.6263e-008
3999	1.5716e-008
4000	1.5129e-008
4001	1.4543e-008
4002	1.3891e-008
4003	1.3838e-008
4004	1.2671e-008
4005	1.2607e-008
4006	1.2276e-008
4007	1.1477e-008
4008	1.1074e-008
4009	1.0692e-008
4010	1.0292e-008
4011	9.8647e-009
4012	9.593e-009
4013	8.7487e-009
4014	8.8046e-009
4015	8.3575e-009
4016	7.9865e-009
4017	7.6484e-009
4018	7.4763e-009
4019	7.2825e-009
4020	6.4247e-009
4021	5.6277e-009
4022	5.7971e-009
4023	5.184e-009
4024	9.9807e-009
4025	2.4005e-008
4026	2.5513e-008
4027	4.4385e-008
4028	3.4015e-008
4029	2.295e-009
4030	4.2023e-009
4031	5.5251e-009
4032	5.9133e-009
4033	6.042e-009
4034	6.3526e-009
4035	6.6772e-009
4036	6.8588e-009
4037	7.1622e-009
4038	7.4841e-009
4039	7.7707e-009
4040	8.0671e-009
4041	8.4013e-009
4042	8.7403e-009
4043	9.0926e-009
4044	9.4541e-009
4045	9.8307e-009
4046	1.0222e-008
4047	1.0628e-008
4048	1.1047e-008
4049	1.1479e-008
4050	1.1923e-008
4051	1.2425e-008
4052	1.2903e-008
4053	1.336e-008
4054	1.397e-008
4055	1.4459e-008
4056	1.5054e-008
4057	1.5634e-008
4058	1.6271e-008
4059	1.6899e-008
4060	1.755e-008
4061	1.8288e-008
4062	1.8962e-008
4063	1.973e-008
4064	2.0501e-008
4065	2.132e-008
4066	2.2138e-008
4067	2.2173e-008
4068	2.1396e-008
4069	2.0619e-008
4070	1.9895e-008
4071	1.9113e-008
4072	1.855e-008
4073	1.7768e-008
4074	1.7141e-008
4075	1.657e-008
4076	1.5936e-008
4077	1.5322e-008
4078	1.4638e-008
4079	1.4516e-008
4080	1.3374e-008
4081	1.3239e-008
4082	1.2865e-008
4083	1.2082e-008
4084	1.1667e-008
4085	1.1258e-008
4086	1.0835e-008
4087	1.0394e-008
4088	1.0085e-008
4089	9.2204e-009
4090	9.3092e-009
4091	8.818e-009
4092	8.4437e-009
4093	8.0753e-009
4094	7.8497e-009
4095	7.6097e-009
4096	6.7892e-009
4097	5.9724e-009
4098	5.9751e-009
4099	5.3951e-009
4100	1.0681e-008
4101	2.3544e-008
4102	2.659e-008
4103	4.6204e-008
4104	3.4218e-008
4105	2.444e-009
4106	4.3428e-009
4107	5.6557e-009
4108	6.0512e-009
4109	6.1786e-009
4110	6.4979e-009
4111	6.8327e-009
4112	7.0141e-009
4113	7.324e-009
4114	7.6545e-009
4115	7.9474e-009
4116	8.2507e-009
4117	8.5932e-009
4118	8.9394e-009
4119	9.2995e-009
4120	9.67e-009
4121	1.0054e-008
4122	1.0454e-008
4123	1.087e-008
4124	1.1298e-008
4125	1.1738e-008
4126	1.2193e-008
4127	1.2707e-008
4128	1.3198e-008
4129	1.3664e-008
4130	1.4287e-008
4131	1.4784e-008
4132	1.5394e-008
4133	1.5987e-008
4134	1.6641e-008
4135	1.7283e-008
4136	1.795e-008
4137	1.8707e-008
4138	1.9392e-008
4139	2.0179e-008
4140	2.097e-008
4141	2.1809e-008
4142	2.2645e-008
4143	2.268e-008
4144	2.1886e-008
4145	2.1091e-008
4146	2.035e-008
4147	1.9548e-008
4148	1.8974e-008
4149	1.8173e-008
4150	1.7533e-008
4151	1.6947e-008
4152	1.6307e-008
4153	1.5683e-008
4154	1.4986e-008
4155	1.4876e-008
4156	1.3694e-008
4157	1.3571e-008
4158	1.3193e-008
4159	1.238e-008
4160	1.1951e-008
4161	1.153e-008
4162	1.1093e-008
4163	1.0636e-008
4164	1.0322e-008
4165	9.4341e-009
4166	9.5174e-009
4167	9.0207e-009
4168	8.6362e-009
4169	8.2628e-009
4170	8.0425e-009
4171	7.8032e-009
4172	6.9563e-009
4173	6.1233e-009
4174	6.1553e-009
4175	5.5689e-009
4176	1.0712e-008
4177	2.3927e-008
4178	2.6835e-008
4179	4.6724e-008
4180	3.505e-008
4181	2.2158e-009
4182	3.9979e-009
4183	5.2849e-009
4184	5.661e-009
4185	5.772e-009
4186	6.0724e-009
4187	6.3906e-009
4188	6.5538e-009
4189	6.8446e-009
4190	7.1571e-009
4191	7.4294e-009
4192	7.7123e-009
4193	8.0326e-009
4194	8.3565e-009
4195	8.6943e-009
4196	9.0394e-009
4197	9.3981e-009
4198	9.7724e-009
4199	1.0161e-008
4200	1.0561e-008
4201	1.0973e-008
4202	1.1398e-008
4203	1.1881e-008
4204	1.2338e-008
4205	1.2772e-008
4206	1.3358e-008
4207	1.3823e-008
4208	1.4392e-008
4209	1.4947e-008
4210	1.5559e-008
4211	1.6156e-008
4212	1.6778e-008
4213	1.7487e-008
4214	1.8124e-008
4215	1.8861e-008
4216	1.9598e-008
4217	2.0383e-008
4218	2.1162e-008
4219	2.1196e-008
4220	2.0451e-008
4221	1.9709e-008
4222	1.9019e-008
4223	1.8266e-008
4224	1.7734e-008
4225	1.6984e-008
4226	1.6384e-008
4227	1.5837e-008
4228	1.5238e-008
4229	1.4652e-008
4230	1.4001e-008
4231	1.3913e-008
4232	1.2788e-008
4233	1.269e-008
4234	1.2348e-008
4235	1.1575e-008
4236	1.1173e-008
4237	1.0786e-008
4238	1.0382e-008
4239	9.9541e-009
4240	9.6651e-009
4241	8.8227e-009
4242	8.8946e-009
4243	8.429e-009
4244	8.0612e-009
4245	7.7148e-009
4246	7.5196e-009
4247	7.3067e-009
4248	6.4776e-009
4249	5.6852e-009
4250	5.7749e-009
4251	5.1746e-009
4252	1.0279e-008
4253	2.3575e-008
4254	2.5835e-008
4255	4.4824e-008
4256	3.3596e-008
4257	2.2176e-009
4258	4.001e-009
4259	5.2884e-009
4260	5.6643e-009
4261	5.7755e-009
4262	6.0762e-009
4263	6.395e-009
4264	6.559e-009
4265	6.8501e-009
4266	7.1625e-009
4267	7.4352e-009
4268	7.7174e-009
4269	8.0374e-009
4270	8.3628e-009
4271	8.7009e-009
4272	9.0461e-009
4273	9.4057e-009
4274	9.7799e-009
4275	1.0169e-008
4276	1.0568e-008
4277	1.0981e-008
4278	1.1407e-008
4279	1.1891e-008
4280	1.2348e-008
4281	1.2781e-008
4282	1.3368e-008
4283	1.3831e-008
4284	1.4404e-008
4285	1.4957e-008
4286	1.5567e-008
4287	1.6167e-008
4288	1.6792e-008
4289	1.7503e-008
4290	1.8144e-008
4291	1.8879e-008
4292	1.9617e-008
4293	2.0405e-008
4294	2.1186e-008
4295	2.1222e-008
4296	2.0474e-008
4297	1.9728e-008
4298	1.904e-008
4299	1.8285e-008
4300	1.7751e-008
4301	1.7e-008
4302	1.6402e-008
4303	1.5853e-008
4304	1.5248e-008
4305	1.4659e-008
4306	1.4001e-008
4307	1.3908e-008
4308	1.2777e-008
4309	1.2672e-008
4310	1.2325e-008
4311	1.155e-008
4312	1.1148e-008
4313	1.0761e-008
4314	1.0359e-008
4315	9.937e-009
4316	9.6556e-009
4317	8.8195e-009
4318	8.8963e-009
4319	8.434e-009
4320	8.0685e-009
4321	7.7226e-009
4322	7.525e-009
4323	7.3095e-009
4324	6.4776e-009
4325	5.6773e-009
4326	5.7612e-009
4327	5.1541e-009
4328	1.0261e-008
4329	2.3584e-008
4330	2.5855e-008
4331	4.4842e-008
4332	3.3601e-008
4333	2.4424e-009
4334	4.341e-009
4335	5.6538e-009
4336	6.0491e-009
4337	6.177e-009
4338	6.4966e-009
4339	6.8318e-009
4340	7.0141e-009
4341	7.3243e-009
4342	7.6536e-009
4343	7.9458e-009
4344	8.2476e-009
4345	8.5893e-009
4346	8.9372e-009
4347	9.2983e-009
4348	9.6686e-009
4349	1.0054e-008
4350	1.0453e-008
4351	1.0867e-008
4352	1.1296e-008
4353	1.1738e-008
4354	1.2192e-008
4355	1.2706e-008
4356	1.3196e-008
4357	1.3662e-008
4358	1.4286e-008
4359	1.4783e-008
4360	1.5393e-008
4361	1.5985e-008
4362	1.6636e-008
4363	1.7279e-008
4364	1.7944e-008
4365	1.8699e-008
4366	1.9386e-008
4367	2.0171e-008
4368	2.096e-008
4369	2.1796e-008
4370	2.2631e-008
4371	2.2665e-008
4372	2.1869e-008
4373	2.1073e-008
4374	2.0338e-008
4375	1.9539e-008
4376	1.8964e-008
4377	1.8164e-008
4378	1.7529e-008
4379	1.6943e-008
4380	1.6305e-008
4381	1.5683e-008
4382	1.4988e-008
4383	1.4881e-008
4384	1.37e-008
4385	1.3579e-008
4386	1.3201e-008
4387	1.2389e-008
4388	1.1959e-008
4389	1.1536e-008
4390	1.1098e-008
4391	1.0639e-008
4392	1.0322e-008
4393	9.433e-009
4394	9.5127e-009
4395	9.0141e-009
4396	8.6284e-009
4397	8.2554e-009
4398	8.0364e-009
4399	7.7998e-009
4400	6.9566e-009
4401	6.1286e-009
4402	6.1594e-009
4403	5.5791e-009
4404	1.0728e-008
4405	2.3922e-008
4406	2.6832e-008
4407	4.6719e-008
4408	3.5053e-008
4409	2.2937e-009
4410	4.2e-009
4411	5.5228e-009
4412	5.9113e-009
4413	6.0399e-009
4414	6.3503e-009
4415	6.6748e-009
4416	6.8558e-009
4417	7.1592e-009
4418	7.481e-009
4419	7.7673e-009
4420	8.0637e-009
4421	8.3979e-009
4422	8.7362e-009
4423	9.0883e-009
4424	9.4504e-009
4425	9.8267e-009
4426	1.0218e-008
4427	1.0624e-008
4428	1.1043e-008
4429	1.1474e-008
4430	1.1918e-008
4431	1.2419e-008
4432	1.2897e-008
4433	1.3355e-008
4434	1.3963e-008
4435	1.4452e-008
4436	1.5047e-008
4437	1.5627e-008
4438	1.6264e-008
4439	1.6892e-008
4440	1.7543e-008
4441	1.8278e-008
4442	1.8954e-008
4443	1.9722e-008
4444	2.0493e-008
4445	2.1312e-008
4446	2.213e-008
4447	2.2163e-008
4448	2.1386e-008
4449	2.061e-008
4450	1.9884e-008
4451	1.9102e-008
4452	1.8542e-008
4453	1.7759e-008
4454	1.7132e-008
4455	1.6562e-008
4456	1.5931e-008
4457	1.532e-008
4458	1.4637e-008
4459	1.4517e-008
4460	1.3379e-008
4461	1.3247e-008
4462	1.2875e-008
4463	1.2094e-008
4464	1.168e-008
4465	1.1271e-008
4466	1.0847e-008
4467	1.0404e-008
4468	1.0092e-008
4469	9.2253e-009
4470	9.3112e-009
4471	8.8185e-009
4472	8.443e-009
4473	8.0744e-009
4474	7.849e-009
4475	7.6101e-009
4476	6.7914e-009
4477	5.9782e-009
4478	5.982e-009
4479	5.4055e-009
4480	1.0694e-008
4481	2.3541e-008
4482	2.6585e-008
4483	4.6201e-008
4484	3.4218e-008
4485	2.3265e-009
4486	4.0007e-009
4487	5.2513e-009
4488	5.6283e-009
4489	5.7244e-009
4490	6.0264e-009
4491	6.3505e-009
4492	6.5024e-009
4493	6.7918e-009
4494	7.1073e-009
4495	7.3769e-009
4496	7.6545e-009
4497	7.971e-009
4498	8.2936e-009
4499	8.629e-009
4500	8.9725e-009
4501	9.3305e-009
4502	9.7011e-009
4503	1.0087e-008
4504	1.0483e-008
4505	1.0892e-008
4506	1.1313e-008
4507	1.1795e-008
4508	1.2248e-008
4509	1.2674e-008
4510	1.3261e-008
4511	1.3717e-008
4512	1.4284e-008
4513	1.4833e-008
4514	1.544e-008
4515	1.6038e-008
4516	1.6654e-008
4517	1.7359e-008
4518	1.7993e-008
4519	1.8725e-008
4520	1.9458e-008
4521	2.0241e-008
4522	2.1012e-008
4523	2.1043e-008
4524	2.031e-008
4525	1.957e-008
4526	1.8882e-008
4527	1.8136e-008
4528	1.7612e-008
4529	1.6855e-008
4530	1.6271e-008
4531	1.5724e-008
4532	1.5133e-008
4533	1.4543e-008
4534	1.3887e-008
4535	1.3832e-008
4536	1.2661e-008
4537	1.2594e-008
4538	1.2263e-008
4539	1.1461e-008
4540	1.1058e-008
4541	1.0678e-008
4542	1.0278e-008
4543	9.8535e-009
4544	9.5861e-009
4545	8.7458e-009
4546	8.8062e-009
4547	8.3623e-009
4548	7.9932e-009
4549	7.6559e-009
4550	7.4829e-009
4551	7.2868e-009
4552	6.4234e-009
4553	5.6183e-009
4554	5.7893e-009
4555	5.166e-009
4556	9.9551e-009
4557	2.4018e-008
4558	2.5519e-008
4559	4.4392e-008
4560	3.4012e-008
4561	2.2924e-009
4562	4.1974e-009
4563	5.5193e-009
4564	5.9074e-009
4565	6.0362e-009
4566	6.3471e-009
4567	6.6716e-009
4568	6.8517e-009
4569	7.1541e-009
4570	7.4759e-009
4571	7.7626e-009
4572	8.0608e-009
4573	8.3946e-009
4574	8.7319e-009
4575	9.0843e-009
4576	9.4441e-009
4577	9.8201e-009
4578	1.0211e-008
4579	1.0617e-008
4580	1.1035e-008
4581	1.1468e-008
4582	1.191e-008
4583	1.2411e-008
4584	1.2888e-008
4585	1.3346e-008
4586	1.3955e-008
4587	1.4444e-008
4588	1.5039e-008
4589	1.5618e-008
4590	1.6255e-008
4591	1.688e-008
4592	1.7529e-008
4593	1.8266e-008
4594	1.8935e-008
4595	1.9706e-008
4596	2.0478e-008
4597	2.1296e-008
4598	2.2113e-008
4599	2.2144e-008
4600	2.1365e-008
4601	2.0593e-008
4602	1.987e-008
4603	1.9086e-008
4604	1.8529e-008
4605	1.7749e-008
4606	1.7119e-008
4607	1.655e-008
4608	1.5921e-008
4609	1.5314e-008
4610	1.4639e-008
4611	1.4523e-008
4612	1.3387e-008
4613	1.3258e-008
4614	1.2889e-008
4615	1.211e-008
4616	1.1696e-008
4617	1.1286e-008
4618	1.0861e-008
4619	1.0416e-008
4620	1.01e-008
4621	9.2301e-009
4622	9.3141e-009
4623	8.8183e-009
4624	8.4398e-009
4625	8.0697e-009
4626	7.8467e-009
4627	7.61e-009
4628	6.7932e-009
4629	5.985e-009
4630	5.9934e-009
4631	5.42e-009
4632	1.0703e-008
4633	2.3535e-008
4634	2.6572e-008
4635	4.619e-008
4636	3.4215e-008
4637	2.4451e-009
4638	4.345e-009
4639	5.6581e-009
4640	6.0534e-009
4641	6.1809e-009
4642	6.5005e-009
4643	6.8359e-009
4644	7.0181e-009
4645	7.3277e-009
4646	7.658e-009
4647	7.9508e-009
4648	8.2542e-009
4649	8.5962e-009
4650	8.9433e-009
4651	9.3043e-009
4652	9.6737e-009
4653	1.0059e-008
4654	1.0459e-008
4655	1.0875e-008
4656	1.1303e-008
4657	1.1745e-008
4658	1.2199e-008
4659	1.2715e-008
4660	1.3204e-008
4661	1.3671e-008
4662	1.4294e-008
4663	1.4791e-008
4664	1.5402e-008
4665	1.5994e-008
4666	1.6646e-008
4667	1.7289e-008
4668	1.7958e-008
4669	1.8716e-008
4670	1.9402e-008
4671	2.019e-008
4672	2.0981e-008
4673	2.1822e-008
4674	2.266e-008
4675	2.2696e-008
4676	2.1896e-008
4677	2.1101e-008
4678	2.0363e-008
4679	1.9559e-008
4680	1.8985e-008
4681	1.8183e-008
4682	1.7544e-008
4683	1.6957e-008
4684	1.6314e-008
4685	1.5687e-008
4686	1.4986e-008
4687	1.4874e-008
4688	1.3686e-008
4689	1.356e-008
4690	1.3179e-008
4691	1.2364e-008
4692	1.1934e-008
4693	1.1514e-008
4694	1.1078e-008
4695	1.0625e-008
4696	1.0315e-008
4697	9.4309e-009
4698	9.5169e-009
4699	9.0225e-009
4700	8.6393e-009
4701	8.266e-009
4702	8.0448e-009
4703	7.8044e-009
4704	6.9555e-009
4705	6.1175e-009
4706	6.1465e-009
4707	5.5559e-009
4708	1.0702e-008
4709	2.3933e-008
4710	2.6847e-008
4711	4.6733e-008
4712	3.5053e-008
4713	2.2159e-009
4714	3.9982e-009
4715	5.2855e-009
4716	5.6622e-009
4717	5.7732e-009
4718	6.0743e-009
4719	6.3924e-009
4720	6.5559e-009
4721	6.8471e-009
4722	7.1593e-009
4723	7.4313e-009
4724	7.7133e-009
4725	8.0335e-009
4726	8.3585e-009
4727	8.6962e-009
4728	9.0423e-009
4729	9.4019e-009
4730	9.7759e-009
4731	1.0164e-008
4732	1.0565e-008
4733	1.0977e-008
4734	1.1402e-008
4735	1.1885e-008
4736	1.2343e-008
4737	1.2777e-008
4738	1.3361e-008
4739	1.3825e-008
4740	1.4396e-008
4741	1.495e-008
4742	1.556e-008
4743	1.616e-008
4744	1.6782e-008
4745	1.7487e-008
4746	1.8131e-008
4747	1.8867e-008
4748	1.9605e-008
4749	2.0389e-008
4750	2.1169e-008
4751	2.1199e-008
4752	2.0456e-008
4753	1.9712e-008
4754	1.9021e-008
4755	1.827e-008
4756	1.7739e-008
4757	1.6985e-008
4758	1.6389e-008
4759	1.5841e-008
4760	1.5242e-008
4761	1.4655e-008
4762	1.4e-008
4763	1.3912e-008
4764	1.2787e-008
4765	1.2688e-008
4766	1.2343e-008
4767	1.157e-008
4768	1.1168e-008
4769	1.0778e-008
4770	1.0374e-008
4771	9.9469e-009
4772	9.6595e-009
4773	8.8195e-009
4774	8.8912e-009
4775	8.4259e-009
4776	8.059e-009
4777	7.7141e-009
4778	7.5188e-009
4779	7.3061e-009
4780	6.4779e-009
4781	5.6844e-009
4782	5.7695e-009
4783	5.1703e-009
4784	1.0279e-008
4785	2.3574e-008
4786	2.5841e-008
4787	4.4829e-008
4788	3.3598e-008
