Element Number	Structural Error (J)
1	7.1155e-009
2	7.8337e-009
3	1.2443e-009
4	1.0314e-009
5	1.0248e-009
6	1.05e-009
7	1.0492e-009
8	1.0707e-009
9	1.0976e-009
10	1.1252e-009
11	1.1672e-009
12	1.2137e-009
13	1.2571e-009
14	1.3067e-009
15	1.3584e-009
16	1.4127e-009
17	1.4691e-009
18	1.5273e-009
19	1.5871e-009
20	1.6505e-009
21	1.717e-009
22	1.7862e-009
23	1.8499e-009
24	1.9246e-009
25	2.011e-009
26	2.0735e-009
27	2.1665e-009
28	2.2472e-009
29	2.339e-009
30	2.4269e-009
31	2.5258e-009
32	2.628e-009
33	2.7227e-009
34	2.8377e-009
35	2.9469e-009
36	3.0644e-009
37	3.1833e-009
38	3.3116e-009
39	3.3148e-009
40	3.1955e-009
41	3.0834e-009
42	2.9703e-009
43	2.8765e-009
44	2.7494e-009
45	2.672e-009
46	2.572e-009
47	2.4697e-009
48	2.3857e-009
49	2.3111e-009
50	2.2545e-009
51	2.0929e-009
52	2.1424e-009
53	1.9888e-009
54	1.9109e-009
55	1.9023e-009
56	1.7899e-009
57	1.7056e-009
58	1.6385e-009
59	1.5719e-009
60	1.5042e-009
61	1.4637e-009
62	1.4356e-009
63	1.4496e-009
64	1.3154e-009
65	1.3727e-009
66	1.2781e-009
67	1.3104e-009
68	1.404e-009
69	1.4382e-009
70	1.3423e-009
71	1.4053e-009
72	1.7412e-009
73	3.7479e-009
74	8.4833e-009
75	2.9461e-008
76	2.9993e-008
77	6.9452e-009
78	7.7396e-009
79	1.1503e-009
80	9.2532e-010
81	9.1426e-010
82	9.303e-010
83	9.1786e-010
84	9.3901e-010
85	9.601e-010
86	9.7826e-010
87	1.0156e-009
88	1.0584e-009
89	1.0962e-009
90	1.1379e-009
91	1.1822e-009
92	1.2298e-009
93	1.2788e-009
94	1.3299e-009
95	1.3822e-009
96	1.4368e-009
97	1.4947e-009
98	1.5562e-009
99	1.6098e-009
100	1.6761e-009
101	1.7528e-009
102	1.8049e-009
103	1.8883e-009
104	1.9578e-009
105	2.0359e-009
106	2.1132e-009
107	2.1988e-009
108	2.289e-009
109	2.3707e-009
110	2.4727e-009
111	2.5672e-009
112	2.6683e-009
113	2.7708e-009
114	2.8841e-009
115	2.8848e-009
116	2.7807e-009
117	2.6831e-009
118	2.5854e-009
119	2.503e-009
120	2.3894e-009
121	2.3243e-009
122	2.2362e-009
123	2.1469e-009
124	2.0722e-009
125	2.0124e-009
126	1.9647e-009
127	1.8107e-009
128	1.8764e-009
129	1.7249e-009
130	1.6511e-009
131	1.6606e-009
132	1.562e-009
133	1.4815e-009
134	1.4187e-009
135	1.3588e-009
136	1.2989e-009
137	1.2645e-009
138	1.2413e-009
139	1.2745e-009
140	1.1558e-009
141	1.2095e-009
142	1.1072e-009
143	1.1395e-009
144	1.2688e-009
145	1.3066e-009
146	1.1802e-009
147	1.2699e-009
148	1.6043e-009
149	3.6731e-009
150	8.3186e-009
151	2.9301e-008
152	2.9555e-008
153	7.1031e-009
154	7.8676e-009
155	1.2415e-009
156	9.7684e-010
157	9.8257e-010
158	1.0068e-009
159	1.0004e-009
160	1.0423e-009
161	1.0719e-009
162	1.0928e-009
163	1.1374e-009
164	1.1872e-009
165	1.2299e-009
166	1.2763e-009
167	1.3252e-009
168	1.3787e-009
169	1.4336e-009
170	1.4908e-009
171	1.5497e-009
172	1.6125e-009
173	1.6775e-009
174	1.7449e-009
175	1.8033e-009
176	1.8776e-009
177	1.9657e-009
178	2.0215e-009
179	2.1155e-009
180	2.1939e-009
181	2.2836e-009
182	2.3697e-009
183	2.4665e-009
184	2.5679e-009
185	2.6583e-009
186	2.773e-009
187	2.876e-009
188	2.9906e-009
189	3.1069e-009
190	3.2335e-009
191	3.2347e-009
192	3.1189e-009
193	3.0091e-009
194	2.8993e-009
195	2.8103e-009
196	2.6769e-009
197	2.6091e-009
198	2.5107e-009
199	2.4083e-009
200	2.3264e-009
201	2.2619e-009
202	2.2075e-009
203	2.0244e-009
204	2.1164e-009
205	1.9325e-009
206	1.8403e-009
207	1.8658e-009
208	1.7624e-009
209	1.6686e-009
210	1.5952e-009
211	1.5285e-009
212	1.461e-009
213	1.4229e-009
214	1.377e-009
215	1.4369e-009
216	1.304e-009
217	1.3531e-009
218	1.2286e-009
219	1.2462e-009
220	1.4124e-009
221	1.4466e-009
222	1.246e-009
223	1.3782e-009
224	1.6169e-009
225	3.8105e-009
226	8.2403e-009
227	2.9616e-008
228	3.0124e-008
229	6.8318e-009
230	7.6441e-009
231	1.1287e-009
232	9.942e-010
233	9.6307e-010
234	9.7714e-010
235	9.6898e-010
236	9.5295e-010
237	9.6697e-010
238	9.937e-010
239	1.0245e-009
240	1.0607e-009
241	1.098e-009
242	1.143e-009
243	1.19e-009
244	1.2376e-009
245	1.2868e-009
246	1.3379e-009
247	1.3906e-009
248	1.4446e-009
249	1.5011e-009
250	1.5631e-009
251	1.6232e-009
252	1.6876e-009
253	1.7581e-009
254	1.8197e-009
255	1.8972e-009
256	1.9683e-009
257	2.0467e-009
258	2.1264e-009
259	2.2106e-009
260	2.3001e-009
261	2.3876e-009
262	2.4854e-009
263	2.5829e-009
264	2.6843e-009
265	2.7873e-009
266	2.8993e-009
267	2.9015e-009
268	2.7977e-009
269	2.6995e-009
270	2.601e-009
271	2.5125e-009
272	2.4137e-009
273	2.3352e-009
274	2.2488e-009
275	2.1644e-009
276	2.0874e-009
277	2.0152e-009
278	1.9637e-009
279	1.856e-009
280	1.844e-009
281	1.7509e-009
282	1.7039e-009
283	1.6562e-009
284	1.548e-009
285	1.485e-009
286	1.4341e-009
287	1.375e-009
288	1.3169e-009
289	1.2797e-009
290	1.2881e-009
291	1.2517e-009
292	1.1336e-009
293	1.1976e-009
294	1.1441e-009
295	1.2027e-009
296	1.2187e-009
297	1.2569e-009
298	1.3094e-009
299	1.2847e-009
300	1.8042e-009
301	3.5839e-009
302	8.6664e-009
303	2.8903e-008
304	2.8929e-008
305	7.1043e-009
306	7.8688e-009
307	1.2413e-009
308	9.7702e-010
309	9.8293e-010
310	1.0072e-009
311	1.0008e-009
312	1.0425e-009
313	1.0722e-009
314	1.0927e-009
315	1.1373e-009
316	1.1869e-009
317	1.2297e-009
318	1.2764e-009
319	1.3255e-009
320	1.3781e-009
321	1.4336e-009
322	1.4904e-009
323	1.5493e-009
324	1.6119e-009
325	1.6777e-009
326	1.7447e-009
327	1.8026e-009
328	1.8782e-009
329	1.9667e-009
330	2.0217e-009
331	2.1155e-009
332	2.1938e-009
333	2.2835e-009
334	2.3694e-009
335	2.4662e-009
336	2.5669e-009
337	2.657e-009
338	2.7715e-009
339	2.8766e-009
340	2.9915e-009
341	3.108e-009
342	3.2331e-009
343	3.2378e-009
344	3.1205e-009
345	3.0105e-009
346	2.8991e-009
347	2.8108e-009
348	2.6788e-009
349	2.6098e-009
350	2.5096e-009
351	2.4081e-009
352	2.3264e-009
353	2.2618e-009
354	2.2075e-009
355	2.0243e-009
356	2.1159e-009
357	1.9321e-009
358	1.8397e-009
359	1.8656e-009
360	1.7628e-009
361	1.6692e-009
362	1.5958e-009
363	1.5293e-009
364	1.4622e-009
365	1.424e-009
366	1.3779e-009
367	1.4378e-009
368	1.3051e-009
369	1.3541e-009
370	1.2295e-009
371	1.2468e-009
372	1.4132e-009
373	1.4469e-009
374	1.2458e-009
375	1.378e-009
376	1.6166e-009
377	3.8109e-009
378	8.24e-009
379	2.9616e-008
380	3.0124e-008
381	6.9459e-009
382	7.7392e-009
383	1.1504e-009
384	9.2532e-010
385	9.1419e-010
386	9.3018e-010
387	9.176e-010
388	9.3848e-010
389	9.5963e-010
390	9.7812e-010
391	1.0154e-009
392	1.058e-009
393	1.0958e-009
394	1.1377e-009
395	1.1821e-009
396	1.2297e-009
397	1.2785e-009
398	1.3294e-009
399	1.3817e-009
400	1.4367e-009
401	1.4949e-009
402	1.5558e-009
403	1.6097e-009
404	1.6755e-009
405	1.7527e-009
406	1.8048e-009
407	1.8884e-009
408	1.958e-009
409	2.0367e-009
410	2.1134e-009
411	2.1986e-009
412	2.288e-009
413	2.3694e-009
414	2.471e-009
415	2.5665e-009
416	2.6682e-009
417	2.7713e-009
418	2.8835e-009
419	2.8851e-009
420	2.7793e-009
421	2.6826e-009
422	2.5844e-009
423	2.5031e-009
424	2.3895e-009
425	2.3245e-009
426	2.2353e-009
427	2.1471e-009
428	2.0719e-009
429	2.0115e-009
430	1.9645e-009
431	1.8108e-009
432	1.8771e-009
433	1.7254e-009
434	1.6519e-009
435	1.6614e-009
436	1.5631e-009
437	1.4827e-009
438	1.4196e-009
439	1.3595e-009
440	1.2993e-009
441	1.2649e-009
442	1.2416e-009
443	1.2746e-009
444	1.1558e-009
445	1.2094e-009
446	1.107e-009
447	1.1395e-009
448	1.2695e-009
449	1.3074e-009
450	1.1803e-009
451	1.2706e-009
452	1.6042e-009
453	3.6731e-009
454	8.3185e-009
455	2.93e-008
456	2.9554e-008
457	7.1149e-009
458	7.8333e-009
459	1.2444e-009
460	1.0311e-009
461	1.0246e-009
462	1.0499e-009
463	1.0492e-009
464	1.0707e-009
465	1.0975e-009
466	1.1251e-009
467	1.1673e-009
468	1.2145e-009
469	1.2577e-009
470	1.3066e-009
471	1.3584e-009
472	1.4125e-009
473	1.4689e-009
474	1.5275e-009
475	1.5877e-009
476	1.6505e-009
477	1.716e-009
478	1.7863e-009
479	1.85e-009
480	1.9246e-009
481	2.0102e-009
482	2.0731e-009
483	2.1664e-009
484	2.2469e-009
485	2.3386e-009
486	2.4272e-009
487	2.526e-009
488	2.6282e-009
489	2.7231e-009
490	2.839e-009
491	2.9474e-009
492	3.065e-009
493	3.1838e-009
494	3.3125e-009
495	3.3134e-009
496	3.1957e-009
497	3.0836e-009
498	2.9718e-009
499	2.8766e-009
500	2.7486e-009
501	2.6703e-009
502	2.5722e-009
503	2.469e-009
504	2.3857e-009
505	2.3117e-009
506	2.2556e-009
507	2.0929e-009
508	2.1422e-009
509	1.9886e-009
510	1.9105e-009
511	1.9018e-009
512	1.7889e-009
513	1.7046e-009
514	1.638e-009
515	1.5715e-009
516	1.5038e-009
517	1.4635e-009
518	1.4355e-009
519	1.45e-009
520	1.3158e-009
521	1.373e-009
522	1.278e-009
523	1.3102e-009
524	1.4036e-009
525	1.4378e-009
526	1.3423e-009
527	1.405e-009
528	1.7414e-009
529	3.7482e-009
530	8.4835e-009
531	2.9462e-008
532	2.9994e-008
533	7.1154e-009
534	7.8333e-009
535	1.2442e-009
536	1.0309e-009
537	1.0242e-009
538	1.0494e-009
539	1.0488e-009
540	1.0705e-009
541	1.0976e-009
542	1.1252e-009
543	1.167e-009
544	1.2139e-009
545	1.2571e-009
546	1.3062e-009
547	1.3582e-009
548	1.4125e-009
549	1.4691e-009
550	1.5276e-009
551	1.5873e-009
552	1.6504e-009
553	1.7167e-009
554	1.7867e-009
555	1.8498e-009
556	1.9243e-009
557	2.0111e-009
558	2.0742e-009
559	2.1673e-009
560	2.2475e-009
561	2.3384e-009
562	2.4269e-009
563	2.5259e-009
564	2.6281e-009
565	2.7235e-009
566	2.8394e-009
567	2.9462e-009
568	3.064e-009
569	3.1822e-009
570	3.3109e-009
571	3.3135e-009
572	3.1955e-009
573	3.0822e-009
574	2.9708e-009
575	2.8762e-009
576	2.7482e-009
577	2.6714e-009
578	2.5722e-009
579	2.4696e-009
580	2.3862e-009
581	2.3115e-009
582	2.255e-009
583	2.0929e-009
584	2.1426e-009
585	1.989e-009
586	1.9109e-009
587	1.9023e-009
588	1.7898e-009
589	1.7053e-009
590	1.6386e-009
591	1.5718e-009
592	1.5037e-009
593	1.4632e-009
594	1.435e-009
595	1.449e-009
596	1.3145e-009
597	1.3722e-009
598	1.2778e-009
599	1.3103e-009
600	1.4033e-009
601	1.4379e-009
602	1.3429e-009
603	1.4058e-009
604	1.7419e-009
605	3.7479e-009
606	8.4837e-009
607	2.9461e-008
608	2.9994e-008
609	6.9456e-009
610	7.7395e-009
611	1.1502e-009
612	9.2505e-010
613	9.1399e-010
614	9.2998e-010
615	9.176e-010
616	9.3877e-010
617	9.5987e-010
618	9.7818e-010
619	1.0154e-009
620	1.0582e-009
621	1.096e-009
622	1.138e-009
623	1.1824e-009
624	1.2296e-009
625	1.2788e-009
626	1.3297e-009
627	1.382e-009
628	1.4371e-009
629	1.4956e-009
630	1.5564e-009
631	1.6098e-009
632	1.6758e-009
633	1.7535e-009
634	1.8055e-009
635	1.8885e-009
636	1.958e-009
637	2.0363e-009
638	2.1134e-009
639	2.1988e-009
640	2.289e-009
641	2.3708e-009
642	2.4727e-009
643	2.5671e-009
644	2.6684e-009
645	2.7704e-009
646	2.8833e-009
647	2.8849e-009
648	2.7799e-009
649	2.6824e-009
650	2.5848e-009
651	2.5027e-009
652	2.3898e-009
653	2.325e-009
654	2.2361e-009
655	2.1477e-009
656	2.0725e-009
657	2.0113e-009
658	1.9637e-009
659	1.8106e-009
660	1.8765e-009
661	1.7252e-009
662	1.6515e-009
663	1.6609e-009
664	1.5626e-009
665	1.482e-009
666	1.4189e-009
667	1.3587e-009
668	1.2988e-009
669	1.2645e-009
670	1.2412e-009
671	1.2741e-009
672	1.155e-009
673	1.209e-009
674	1.107e-009
675	1.1396e-009
676	1.2689e-009
677	1.3067e-009
678	1.1804e-009
679	1.2701e-009
680	1.6043e-009
681	3.673e-009
682	8.3186e-009
683	2.93e-008
684	2.9554e-008
685	7.1041e-009
686	7.8685e-009
687	1.2414e-009
688	9.7689e-010
689	9.8297e-010
690	1.0073e-009
691	1.0008e-009
692	1.0425e-009
693	1.072e-009
694	1.0928e-009
695	1.1376e-009
696	1.1874e-009
697	1.2302e-009
698	1.2768e-009
699	1.3258e-009
700	1.3784e-009
701	1.4337e-009
702	1.4908e-009
703	1.5499e-009
704	1.6126e-009
705	1.678e-009
706	1.7452e-009
707	1.803e-009
708	1.8786e-009
709	1.9669e-009
710	2.0219e-009
711	2.1157e-009
712	2.1939e-009
713	2.284e-009
714	2.37e-009
715	2.4665e-009
716	2.5673e-009
717	2.6574e-009
718	2.7723e-009
719	2.8773e-009
720	2.9919e-009
721	3.1081e-009
722	3.2334e-009
723	3.2366e-009
724	3.12e-009
725	3.0106e-009
726	2.8998e-009
727	2.8107e-009
728	2.6789e-009
729	2.6097e-009
730	2.5102e-009
731	2.4084e-009
732	2.3265e-009
733	2.2616e-009
734	2.2077e-009
735	2.0242e-009
736	2.1159e-009
737	1.9319e-009
738	1.8396e-009
739	1.865e-009
740	1.7619e-009
741	1.6682e-009
742	1.5947e-009
743	1.5281e-009
744	1.4612e-009
745	1.4232e-009
746	1.3773e-009
747	1.4372e-009
748	1.3046e-009
749	1.3536e-009
750	1.229e-009
751	1.2464e-009
752	1.4127e-009
753	1.4463e-009
754	1.2454e-009
755	1.3773e-009
756	1.6163e-009
757	3.8107e-009
758	8.2401e-009
759	2.9616e-008
760	3.0124e-008
761	6.8329e-009
762	7.6437e-009
763	1.1289e-009
764	9.943e-010
765	9.6313e-010
766	9.7729e-010
767	9.6888e-010
768	9.5246e-010
769	9.6654e-010
770	9.9356e-010
771	1.0244e-009
772	1.061e-009
773	1.0977e-009
774	1.1423e-009
775	1.1897e-009
776	1.2373e-009
777	1.2863e-009
778	1.3375e-009
779	1.3902e-009
780	1.4439e-009
781	1.5004e-009
782	1.5629e-009
783	1.6233e-009
784	1.6869e-009
785	1.7572e-009
786	1.8197e-009
787	1.8986e-009
788	1.9695e-009
789	2.0481e-009
790	2.1271e-009
791	2.2105e-009
792	2.2983e-009
793	2.3853e-009
794	2.483e-009
795	2.5811e-009
796	2.6836e-009
797	2.7882e-009
798	2.8982e-009
799	2.9013e-009
800	2.7955e-009
801	2.6982e-009
802	2.6006e-009
803	2.5131e-009
804	2.4127e-009
805	2.3338e-009
806	2.2469e-009
807	2.1637e-009
808	2.088e-009
809	2.0164e-009
810	1.9654e-009
811	1.8564e-009
812	1.8452e-009
813	1.7513e-009
814	1.7043e-009
815	1.6567e-009
816	1.5487e-009
817	1.4858e-009
818	1.4349e-009
819	1.3757e-009
820	1.3169e-009
821	1.2796e-009
822	1.2877e-009
823	1.2516e-009
824	1.1336e-009
825	1.1974e-009
826	1.1433e-009
827	1.2019e-009
828	1.2192e-009
829	1.2577e-009
830	1.3093e-009
831	1.2857e-009
832	1.8043e-009
833	3.5842e-009
834	8.6661e-009
835	2.8903e-008
836	2.8929e-008
837	7.1041e-009
838	7.8685e-009
839	1.2414e-009
840	9.7689e-010
841	9.8297e-010
842	1.0073e-009
843	1.0008e-009
844	1.0425e-009
845	1.072e-009
846	1.0928e-009
847	1.1376e-009
848	1.1874e-009
849	1.2302e-009
850	1.2768e-009
851	1.3258e-009
852	1.3784e-009
853	1.4337e-009
854	1.4908e-009
855	1.5499e-009
856	1.6126e-009
857	1.678e-009
858	1.7452e-009
859	1.803e-009
860	1.8786e-009
861	1.9669e-009
862	2.0219e-009
863	2.1157e-009
864	2.1939e-009
865	2.284e-009
866	2.37e-009
867	2.4665e-009
868	2.5673e-009
869	2.6574e-009
870	2.7723e-009
871	2.8773e-009
872	2.9919e-009
873	3.1081e-009
874	3.2334e-009
875	3.2366e-009
876	3.12e-009
877	3.0106e-009
878	2.8998e-009
879	2.8107e-009
880	2.6789e-009
881	2.6097e-009
882	2.5102e-009
883	2.4084e-009
884	2.3265e-009
885	2.2616e-009
886	2.2077e-009
887	2.0242e-009
888	2.1159e-009
889	1.9319e-009
890	1.8396e-009
891	1.865e-009
892	1.7619e-009
893	1.6682e-009
894	1.5947e-009
895	1.5281e-009
896	1.4612e-009
897	1.4232e-009
898	1.3773e-009
899	1.4372e-009
900	1.3046e-009
901	1.3536e-009
902	1.229e-009
903	1.2464e-009
904	1.4127e-009
905	1.4463e-009
906	1.2454e-009
907	1.3773e-009
908	1.6163e-009
909	3.8107e-009
910	8.2401e-009
911	2.9616e-008
912	3.0124e-008
913	6.9456e-009
914	7.7395e-009
915	1.1502e-009
916	9.2505e-010
917	9.1399e-010
918	9.2998e-010
919	9.176e-010
920	9.3877e-010
921	9.5987e-010
922	9.7818e-010
923	1.0154e-009
924	1.0582e-009
925	1.096e-009
926	1.138e-009
927	1.1824e-009
928	1.2296e-009
929	1.2788e-009
930	1.3297e-009
931	1.382e-009
932	1.4371e-009
933	1.4956e-009
934	1.5564e-009
935	1.6098e-009
936	1.6758e-009
937	1.7535e-009
938	1.8055e-009
939	1.8885e-009
940	1.958e-009
941	2.0363e-009
942	2.1134e-009
943	2.1988e-009
944	2.289e-009
945	2.3708e-009
946	2.4727e-009
947	2.5671e-009
948	2.6684e-009
949	2.7704e-009
950	2.8833e-009
951	2.8849e-009
952	2.7799e-009
953	2.6824e-009
954	2.5848e-009
955	2.5027e-009
956	2.3898e-009
957	2.325e-009
958	2.2361e-009
959	2.1477e-009
960	2.0725e-009
961	2.0113e-009
962	1.9637e-009
963	1.8106e-009
964	1.8765e-009
965	1.7252e-009
966	1.6515e-009
967	1.6609e-009
968	1.5626e-009
969	1.482e-009
970	1.4189e-009
971	1.3587e-009
972	1.2988e-009
973	1.2645e-009
974	1.2412e-009
975	1.2741e-009
976	1.155e-009
977	1.209e-009
978	1.107e-009
979	1.1396e-009
980	1.2689e-009
981	1.3067e-009
982	1.1804e-009
983	1.2701e-009
984	1.6043e-009
985	3.673e-009
986	8.3186e-009
987	2.93e-008
988	2.9554e-008
989	7.1154e-009
990	7.8333e-009
991	1.2442e-009
992	1.0309e-009
993	1.0242e-009
994	1.0494e-009
995	1.0488e-009
996	1.0705e-009
997	1.0976e-009
998	1.1252e-009
999	1.167e-009
1000	1.2139e-009
1001	1.2571e-009
1002	1.3062e-009
1003	1.3582e-009
1004	1.4125e-009
1005	1.4691e-009
1006	1.5276e-009
1007	1.5873e-009
1008	1.6504e-009
1009	1.7167e-009
1010	1.7867e-009
1011	1.8498e-009
1012	1.9243e-009
1013	2.0111e-009
1014	2.0742e-009
1015	2.1673e-009
1016	2.2475e-009
1017	2.3384e-009
1018	2.4269e-009
1019	2.5259e-009
1020	2.6281e-009
1021	2.7235e-009
1022	2.8394e-009
1023	2.9462e-009
1024	3.064e-009
1025	3.1822e-009
1026	3.3109e-009
1027	3.3135e-009
1028	3.1955e-009
1029	3.0822e-009
1030	2.9708e-009
1031	2.8762e-009
1032	2.7482e-009
1033	2.6714e-009
1034	2.5722e-009
1035	2.4696e-009
1036	2.3862e-009
1037	2.3115e-009
1038	2.255e-009
1039	2.0929e-009
1040	2.1426e-009
1041	1.989e-009
1042	1.9109e-009
1043	1.9023e-009
1044	1.7898e-009
1045	1.7053e-009
1046	1.6386e-009
1047	1.5718e-009
1048	1.5037e-009
1049	1.4632e-009
1050	1.435e-009
1051	1.449e-009
1052	1.3145e-009
1053	1.3722e-009
1054	1.2778e-009
1055	1.3103e-009
1056	1.4033e-009
1057	1.4379e-009
1058	1.3429e-009
1059	1.4058e-009
1060	1.7419e-009
1061	3.7479e-009
1062	8.4837e-009
1063	2.9461e-008
1064	2.9994e-008
1065	7.1149e-009
1066	7.8333e-009
1067	1.2444e-009
1068	1.0311e-009
1069	1.0246e-009
1070	1.0499e-009
1071	1.0492e-009
1072	1.0707e-009
1073	1.0975e-009
1074	1.1251e-009
1075	1.1673e-009
1076	1.2145e-009
1077	1.2577e-009
1078	1.3066e-009
1079	1.3584e-009
1080	1.4125e-009
1081	1.4689e-009
1082	1.5275e-009
1083	1.5877e-009
1084	1.6505e-009
1085	1.716e-009
1086	1.7863e-009
1087	1.85e-009
1088	1.9246e-009
1089	2.0102e-009
1090	2.0731e-009
1091	2.1664e-009
1092	2.2469e-009
1093	2.3386e-009
1094	2.4272e-009
1095	2.526e-009
1096	2.6282e-009
1097	2.7231e-009
1098	2.839e-009
1099	2.9474e-009
1100	3.065e-009
1101	3.1838e-009
1102	3.3125e-009
1103	3.3134e-009
1104	3.1957e-009
1105	3.0836e-009
1106	2.9718e-009
1107	2.8766e-009
1108	2.7486e-009
1109	2.6703e-009
1110	2.5722e-009
1111	2.469e-009
1112	2.3857e-009
1113	2.3117e-009
1114	2.2556e-009
1115	2.0929e-009
1116	2.1422e-009
1117	1.9886e-009
1118	1.9105e-009
1119	1.9018e-009
1120	1.7889e-009
1121	1.7046e-009
1122	1.638e-009
1123	1.5715e-009
1124	1.5038e-009
1125	1.4635e-009
1126	1.4355e-009
1127	1.45e-009
1128	1.3158e-009
1129	1.373e-009
1130	1.278e-009
1131	1.3102e-009
1132	1.4036e-009
1133	1.4378e-009
1134	1.3423e-009
1135	1.405e-009
1136	1.7414e-009
1137	3.7482e-009
1138	8.4835e-009
1139	2.9462e-008
1140	2.9994e-008
1141	6.9459e-009
1142	7.7392e-009
1143	1.1504e-009
1144	9.2532e-010
1145	9.1419e-010
1146	9.3018e-010
1147	9.176e-010
1148	9.3848e-010
1149	9.5963e-010
1150	9.7812e-010
1151	1.0154e-009
1152	1.058e-009
1153	1.0958e-009
1154	1.1377e-009
1155	1.1821e-009
1156	1.2297e-009
1157	1.2785e-009
1158	1.3294e-009
1159	1.3817e-009
1160	1.4367e-009
1161	1.4949e-009
1162	1.5558e-009
1163	1.6097e-009
1164	1.6755e-009
1165	1.7527e-009
1166	1.8048e-009
1167	1.8884e-009
1168	1.958e-009
1169	2.0367e-009
1170	2.1134e-009
1171	2.1986e-009
1172	2.288e-009
1173	2.3694e-009
1174	2.471e-009
1175	2.5665e-009
1176	2.6682e-009
1177	2.7713e-009
1178	2.8835e-009
1179	2.8851e-009
1180	2.7793e-009
1181	2.6826e-009
1182	2.5844e-009
1183	2.5031e-009
1184	2.3895e-009
1185	2.3245e-009
1186	2.2353e-009
1187	2.1471e-009
1188	2.0719e-009
1189	2.0115e-009
1190	1.9645e-009
1191	1.8108e-009
1192	1.8771e-009
1193	1.7254e-009
1194	1.6519e-009
1195	1.6614e-009
1196	1.5631e-009
1197	1.4827e-009
1198	1.4196e-009
1199	1.3595e-009
1200	1.2993e-009
1201	1.2649e-009
1202	1.2416e-009
1203	1.2746e-009
1204	1.1558e-009
1205	1.2094e-009
1206	1.107e-009
1207	1.1395e-009
1208	1.2695e-009
1209	1.3074e-009
1210	1.1803e-009
1211	1.2706e-009
1212	1.6042e-009
1213	3.6731e-009
1214	8.3185e-009
1215	2.93e-008
1216	2.9554e-008
1217	7.1043e-009
1218	7.8688e-009
1219	1.2413e-009
1220	9.7702e-010
1221	9.8293e-010
1222	1.0072e-009
1223	1.0008e-009
1224	1.0425e-009
1225	1.0722e-009
1226	1.0927e-009
1227	1.1373e-009
1228	1.1869e-009
1229	1.2297e-009
1230	1.2764e-009
1231	1.3255e-009
1232	1.3781e-009
1233	1.4336e-009
1234	1.4904e-009
1235	1.5493e-009
1236	1.6119e-009
1237	1.6777e-009
1238	1.7447e-009
1239	1.8026e-009
1240	1.8782e-009
1241	1.9667e-009
1242	2.0217e-009
1243	2.1155e-009
1244	2.1938e-009
1245	2.2835e-009
1246	2.3694e-009
1247	2.4662e-009
1248	2.5669e-009
1249	2.657e-009
1250	2.7715e-009
1251	2.8766e-009
1252	2.9915e-009
1253	3.108e-009
1254	3.2331e-009
1255	3.2378e-009
1256	3.1205e-009
1257	3.0105e-009
1258	2.8991e-009
1259	2.8108e-009
1260	2.6788e-009
1261	2.6098e-009
1262	2.5096e-009
1263	2.4081e-009
1264	2.3264e-009
1265	2.2618e-009
1266	2.2075e-009
1267	2.0243e-009
1268	2.1159e-009
1269	1.9321e-009
1270	1.8397e-009
1271	1.8656e-009
1272	1.7628e-009
1273	1.6692e-009
1274	1.5958e-009
1275	1.5293e-009
1276	1.4622e-009
1277	1.424e-009
1278	1.3779e-009
1279	1.4378e-009
1280	1.3051e-009
1281	1.3541e-009
1282	1.2295e-009
1283	1.2468e-009
1284	1.4132e-009
1285	1.4469e-009
1286	1.2458e-009
1287	1.378e-009
1288	1.6166e-009
1289	3.8109e-009
1290	8.24e-009
1291	2.9616e-008
1292	3.0124e-008
1293	6.8318e-009
1294	7.6441e-009
1295	1.1287e-009
1296	9.942e-010
1297	9.6307e-010
1298	9.7714e-010
1299	9.6898e-010
1300	9.5295e-010
1301	9.6697e-010
1302	9.937e-010
1303	1.0245e-009
1304	1.0607e-009
1305	1.098e-009
1306	1.143e-009
1307	1.19e-009
1308	1.2376e-009
1309	1.2868e-009
1310	1.3379e-009
1311	1.3906e-009
1312	1.4446e-009
1313	1.5011e-009
1314	1.5631e-009
1315	1.6232e-009
1316	1.6876e-009
1317	1.7581e-009
1318	1.8197e-009
1319	1.8972e-009
1320	1.9683e-009
1321	2.0467e-009
1322	2.1264e-009
1323	2.2106e-009
1324	2.3001e-009
1325	2.3876e-009
1326	2.4854e-009
1327	2.5829e-009
1328	2.6843e-009
1329	2.7873e-009
1330	2.8993e-009
1331	2.9015e-009
1332	2.7977e-009
1333	2.6995e-009
1334	2.601e-009
1335	2.5125e-009
1336	2.4137e-009
1337	2.3352e-009
1338	2.2488e-009
1339	2.1644e-009
1340	2.0874e-009
1341	2.0152e-009
1342	1.9637e-009
1343	1.856e-009
1344	1.844e-009
1345	1.7509e-009
1346	1.7039e-009
1347	1.6562e-009
1348	1.548e-009
1349	1.485e-009
1350	1.4341e-009
1351	1.375e-009
1352	1.3169e-009
1353	1.2797e-009
1354	1.2881e-009
1355	1.2517e-009
1356	1.1336e-009
1357	1.1976e-009
1358	1.1441e-009
1359	1.2027e-009
1360	1.2187e-009
1361	1.2569e-009
1362	1.3094e-009
1363	1.2847e-009
1364	1.8042e-009
1365	3.5839e-009
1366	8.6664e-009
1367	2.8903e-008
1368	2.8929e-008
1369	7.1031e-009
1370	7.8676e-009
1371	1.2415e-009
1372	9.7684e-010
1373	9.8257e-010
1374	1.0068e-009
1375	1.0004e-009
1376	1.0423e-009
1377	1.0719e-009
1378	1.0928e-009
1379	1.1374e-009
1380	1.1872e-009
1381	1.2299e-009
1382	1.2763e-009
1383	1.3252e-009
1384	1.3787e-009
1385	1.4336e-009
1386	1.4908e-009
1387	1.5497e-009
1388	1.6125e-009
1389	1.6775e-009
1390	1.7449e-009
1391	1.8033e-009
1392	1.8776e-009
1393	1.9657e-009
1394	2.0215e-009
1395	2.1155e-009
1396	2.1939e-009
1397	2.2836e-009
1398	2.3697e-009
1399	2.4665e-009
1400	2.5679e-009
1401	2.6583e-009
1402	2.773e-009
1403	2.876e-009
1404	2.9906e-009
1405	3.1069e-009
1406	3.2335e-009
1407	3.2347e-009
1408	3.1189e-009
1409	3.0091e-009
1410	2.8993e-009
1411	2.8103e-009
1412	2.6769e-009
1413	2.6091e-009
1414	2.5107e-009
1415	2.4083e-009
1416	2.3264e-009
1417	2.2619e-009
1418	2.2075e-009
1419	2.0244e-009
1420	2.1164e-009
1421	1.9325e-009
1422	1.8403e-009
1423	1.8658e-009
1424	1.7624e-009
1425	1.6686e-009
1426	1.5952e-009
1427	1.5285e-009
1428	1.461e-009
1429	1.4229e-009
1430	1.377e-009
1431	1.4369e-009
1432	1.304e-009
1433	1.3531e-009
1434	1.2286e-009
1435	1.2462e-009
1436	1.4124e-009
1437	1.4466e-009
1438	1.246e-009
1439	1.3782e-009
1440	1.6169e-009
1441	3.8105e-009
1442	8.2403e-009
1443	2.9616e-008
1444	3.0124e-008
1445	6.9452e-009
1446	7.7396e-009
1447	1.1503e-009
1448	9.2532e-010
1449	9.1426e-010
1450	9.303e-010
1451	9.1786e-010
1452	9.3901e-010
1453	9.601e-010
1454	9.7826e-010
1455	1.0156e-009
1456	1.0584e-009
1457	1.0962e-009
1458	1.1379e-009
1459	1.1822e-009
1460	1.2298e-009
1461	1.2788e-009
1462	1.3299e-009
1463	1.3822e-009
1464	1.4368e-009
1465	1.4947e-009
1466	1.5562e-009
1467	1.6098e-009
1468	1.6761e-009
1469	1.7528e-009
1470	1.8049e-009
1471	1.8883e-009
1472	1.9578e-009
1473	2.0359e-009
1474	2.1132e-009
1475	2.1988e-009
1476	2.289e-009
1477	2.3707e-009
1478	2.4727e-009
1479	2.5672e-009
1480	2.6683e-009
1481	2.7708e-009
1482	2.8841e-009
1483	2.8848e-009
1484	2.7807e-009
1485	2.6831e-009
1486	2.5854e-009
1487	2.503e-009
1488	2.3894e-009
1489	2.3243e-009
1490	2.2362e-009
1491	2.1469e-009
1492	2.0722e-009
1493	2.0124e-009
1494	1.9647e-009
1495	1.8107e-009
1496	1.8764e-009
1497	1.7249e-009
1498	1.6511e-009
1499	1.6606e-009
1500	1.562e-009
1501	1.4815e-009
1502	1.4187e-009
1503	1.3588e-009
1504	1.2989e-009
1505	1.2645e-009
1506	1.2413e-009
1507	1.2745e-009
1508	1.1558e-009
1509	1.2095e-009
1510	1.1072e-009
1511	1.1395e-009
1512	1.2688e-009
1513	1.3066e-009
1514	1.1802e-009
1515	1.2699e-009
1516	1.6043e-009
1517	3.6731e-009
1518	8.3186e-009
1519	2.9301e-008
1520	2.9555e-008
1521	7.1155e-009
1522	7.8337e-009
1523	1.2443e-009
1524	1.0314e-009
1525	1.0248e-009
1526	1.05e-009
1527	1.0492e-009
1528	1.0707e-009
1529	1.0976e-009
1530	1.1252e-009
1531	1.1672e-009
1532	1.2137e-009
1533	1.2571e-009
1534	1.3067e-009
1535	1.3584e-009
1536	1.4127e-009
1537	1.4691e-009
1538	1.5273e-009
1539	1.5871e-009
1540	1.6505e-009
1541	1.717e-009
1542	1.7862e-009
1543	1.8499e-009
1544	1.9246e-009
1545	2.011e-009
1546	2.0735e-009
1547	2.1665e-009
1548	2.2472e-009
1549	2.339e-009
1550	2.4269e-009
1551	2.5258e-009
1552	2.628e-009
1553	2.7227e-009
1554	2.8377e-009
1555	2.9469e-009
1556	3.0644e-009
1557	3.1833e-009
1558	3.3116e-009
1559	3.3148e-009
1560	3.1955e-009
1561	3.0834e-009
1562	2.9703e-009
1563	2.8765e-009
1564	2.7494e-009
1565	2.672e-009
1566	2.572e-009
1567	2.4697e-009
1568	2.3857e-009
1569	2.3111e-009
1570	2.2545e-009
1571	2.0929e-009
1572	2.1424e-009
1573	1.9888e-009
1574	1.9109e-009
1575	1.9023e-009
1576	1.7899e-009
1577	1.7056e-009
1578	1.6385e-009
1579	1.5719e-009
1580	1.5042e-009
1581	1.4637e-009
1582	1.4356e-009
1583	1.4496e-009
1584	1.3154e-009
1585	1.3727e-009
1586	1.2781e-009
1587	1.3104e-009
1588	1.404e-009
1589	1.4382e-009
1590	1.3423e-009
1591	1.4053e-009
1592	1.7412e-009
1593	3.7479e-009
1594	8.4833e-009
1595	2.9461e-008
1596	2.9993e-008
1597	9.831e-009
1598	7.6978e-009
1599	8.163e-009
1600	9.051e-009
1601	9.3561e-009
1602	9.2301e-009
1603	9.0203e-009
1604	8.9765e-009
1605	9.0427e-009
1606	9.246e-009
1607	9.5714e-009
1608	9.9646e-009
1609	1.0368e-008
1610	1.0797e-008
1611	1.1237e-008
1612	1.1689e-008
1613	1.2156e-008
1614	1.2639e-008
1615	1.3139e-008
1616	1.3659e-008
1617	1.4201e-008
1618	1.4773e-008
1619	1.5324e-008
1620	1.5935e-008
1621	1.6614e-008
1622	1.7184e-008
1623	1.792e-008
1624	1.8603e-008
1625	1.9348e-008
1626	2.0088e-008
1627	2.0902e-008
1628	2.174e-008
1629	2.2546e-008
1630	2.3486e-008
1631	2.4385e-008
1632	2.5347e-008
1633	2.6335e-008
1634	2.7397e-008
1635	2.7414e-008
1636	2.6425e-008
1637	2.5485e-008
1638	2.4559e-008
1639	2.3751e-008
1640	2.2741e-008
1641	2.2049e-008
1642	2.1239e-008
1643	2.0397e-008
1644	1.9676e-008
1645	1.8975e-008
1646	1.8386e-008
1647	1.7277e-008
1648	1.7248e-008
1649	1.6212e-008
1650	1.551e-008
1651	1.5211e-008
1652	1.4505e-008
1653	1.3908e-008
1654	1.3367e-008
1655	1.2852e-008
1656	1.2296e-008
1657	1.1517e-008
1658	1.1449e-008
1659	1.0764e-008
1660	1.0331e-008
1661	1.0099e-008
1662	9.5232e-009
1663	9.2105e-009
1664	9.0076e-009
1665	9.0231e-009
1666	8.6617e-009
1667	9.2475e-009
1668	1.0235e-008
1669	1.6661e-008
1670	3.1576e-008
1671	4.4786e-008
1672	5.8937e-008
1673	9.7406e-009
1674	7.7858e-009
1675	8.183e-009
1676	9.0549e-009
1677	9.3719e-009
1678	9.2398e-009
1679	9.0193e-009
1680	8.9855e-009
1681	9.0491e-009
1682	9.2453e-009
1683	9.5739e-009
1684	9.9714e-009
1685	1.0376e-008
1686	1.0805e-008
1687	1.1243e-008
1688	1.1695e-008
1689	1.2163e-008
1690	1.2647e-008
1691	1.3147e-008
1692	1.3667e-008
1693	1.421e-008
1694	1.4782e-008
1695	1.5328e-008
1696	1.5942e-008
1697	1.6624e-008
1698	1.7195e-008
1699	1.7933e-008
1700	1.8615e-008
1701	1.9362e-008
1702	2.0103e-008
1703	2.0916e-008
1704	2.1756e-008
1705	2.2561e-008
1706	2.3504e-008
1707	2.4404e-008
1708	2.5373e-008
1709	2.6359e-008
1710	2.7419e-008
1711	2.7441e-008
1712	2.6449e-008
1713	2.5509e-008
1714	2.4582e-008
1715	2.3768e-008
1716	2.2758e-008
1717	2.2068e-008
1718	2.1251e-008
1719	2.0407e-008
1720	1.9682e-008
1721	1.8985e-008
1722	1.8395e-008
1723	1.7275e-008
1724	1.7263e-008
1725	1.6206e-008
1726	1.549e-008
1727	1.5212e-008
1728	1.4512e-008
1729	1.3906e-008
1730	1.3359e-008
1731	1.2844e-008
1732	1.2291e-008
1733	1.1507e-008
1734	1.1448e-008
1735	1.0771e-008
1736	1.0351e-008
1737	1.011e-008
1738	9.509e-009
1739	9.1811e-009
1740	9.0289e-009
1741	9.0461e-009
1742	8.5983e-009
1743	9.2512e-009
1744	1.0255e-008
1745	1.6726e-008
1746	3.1696e-008
1747	4.567e-008
1748	5.9425e-008
1749	9.8602e-009
1750	7.7322e-009
1751	8.2634e-009
1752	9.1708e-009
1753	9.4858e-009
1754	9.3646e-009
1755	9.1598e-009
1756	9.1225e-009
1757	9.1925e-009
1758	9.4006e-009
1759	9.7346e-009
1760	1.0137e-008
1761	1.0545e-008
1762	1.098e-008
1763	1.1427e-008
1764	1.1885e-008
1765	1.236e-008
1766	1.2853e-008
1767	1.336e-008
1768	1.3887e-008
1769	1.444e-008
1770	1.5022e-008
1771	1.5579e-008
1772	1.6201e-008
1773	1.6892e-008
1774	1.7475e-008
1775	1.8224e-008
1776	1.8915e-008
1777	1.9672e-008
1778	2.0428e-008
1779	2.1258e-008
1780	2.2109e-008
1781	2.2928e-008
1782	2.3887e-008
1783	2.4801e-008
1784	2.5784e-008
1785	2.6786e-008
1786	2.7864e-008
1787	2.7886e-008
1788	2.6881e-008
1789	2.5927e-008
1790	2.4984e-008
1791	2.4157e-008
1792	2.3135e-008
1793	2.2426e-008
1794	2.1599e-008
1795	2.0737e-008
1796	2.0009e-008
1797	1.9294e-008
1798	1.8698e-008
1799	1.7579e-008
1800	1.7541e-008
1801	1.6492e-008
1802	1.578e-008
1803	1.5479e-008
1804	1.4764e-008
1805	1.4161e-008
1806	1.3612e-008
1807	1.3087e-008
1808	1.2522e-008
1809	1.1729e-008
1810	1.1653e-008
1811	1.0966e-008
1812	1.0519e-008
1813	1.028e-008
1814	9.6896e-009
1815	9.3713e-009
1816	9.1675e-009
1817	9.1798e-009
1818	8.8036e-009
1819	9.3926e-009
1820	1.0403e-008
1821	1.676e-008
1822	3.197e-008
1823	4.5175e-008
1824	5.981e-008
1825	9.6467e-009
1826	7.7319e-009
1827	8.0469e-009
1828	8.89e-009
1829	9.1856e-009
1830	9.0469e-009
1831	8.822e-009
1832	8.7757e-009
1833	8.8318e-009
1834	9.0231e-009
1835	9.3424e-009
1836	9.7274e-009
1837	1.0121e-008
1838	1.0539e-008
1839	1.0967e-008
1840	1.1409e-008
1841	1.1866e-008
1842	1.2339e-008
1843	1.2828e-008
1844	1.3336e-008
1845	1.3865e-008
1846	1.442e-008
1847	1.4953e-008
1848	1.5552e-008
1849	1.6217e-008
1850	1.6773e-008
1851	1.7494e-008
1852	1.8161e-008
1853	1.8889e-008
1854	1.9615e-008
1855	2.0409e-008
1856	2.1226e-008
1857	2.201e-008
1858	2.2933e-008
1859	2.381e-008
1860	2.4755e-008
1861	2.5721e-008
1862	2.6752e-008
1863	2.6774e-008
1864	2.581e-008
1865	2.4891e-008
1866	2.3983e-008
1867	2.3188e-008
1868	2.2208e-008
1869	2.1533e-008
1870	2.0734e-008
1871	1.9918e-008
1872	1.9208e-008
1873	1.8533e-008
1874	1.7955e-008
1875	1.6863e-008
1876	1.6853e-008
1877	1.5826e-008
1878	1.5129e-008
1879	1.4854e-008
1880	1.4169e-008
1881	1.3579e-008
1882	1.3048e-008
1883	1.2547e-008
1884	1.2004e-008
1885	1.1243e-008
1886	1.1189e-008
1887	1.051e-008
1888	1.0106e-008
1889	9.8736e-009
1890	9.2983e-009
1891	8.9786e-009
1892	8.8131e-009
1893	8.8358e-009
1894	8.4365e-009
1895	9.0749e-009
1896	1.0059e-008
1897	1.6659e-008
1898	3.1123e-008
1899	4.4926e-008
1900	5.7734e-008
1901	9.8619e-009
1902	7.7338e-009
1903	8.2648e-009
1904	9.1731e-009
1905	9.4893e-009
1906	9.3683e-009
1907	9.1624e-009
1908	9.1255e-009
1909	9.1974e-009
1910	9.4066e-009
1911	9.7389e-009
1912	1.0138e-008
1913	1.0547e-008
1914	1.0983e-008
1915	1.143e-008
1916	1.189e-008
1917	1.2366e-008
1918	1.2857e-008
1919	1.3366e-008
1920	1.3894e-008
1921	1.4445e-008
1922	1.5027e-008
1923	1.5587e-008
1924	1.6208e-008
1925	1.69e-008
1926	1.7481e-008
1927	1.8231e-008
1928	1.8926e-008
1929	1.9682e-008
1930	2.0437e-008
1931	2.1267e-008
1932	2.2118e-008
1933	2.2936e-008
1934	2.3896e-008
1935	2.4811e-008
1936	2.5788e-008
1937	2.6792e-008
1938	2.787e-008
1939	2.7893e-008
1940	2.6886e-008
1941	2.593e-008
1942	2.4988e-008
1943	2.4164e-008
1944	2.3138e-008
1945	2.2429e-008
1946	2.1606e-008
1947	2.075e-008
1948	2.0017e-008
1949	1.9299e-008
1950	1.87e-008
1951	1.7577e-008
1952	1.754e-008
1953	1.6489e-008
1954	1.5775e-008
1955	1.547e-008
1956	1.4754e-008
1957	1.4151e-008
1958	1.3601e-008
1959	1.3077e-008
1960	1.2513e-008
1961	1.172e-008
1962	1.1644e-008
1963	1.096e-008
1964	1.0515e-008
1965	1.0276e-008
1966	9.6852e-009
1967	9.3666e-009
1968	9.1634e-009
1969	9.1736e-009
1970	8.7947e-009
1971	9.3825e-009
1972	1.0395e-008
1973	1.6753e-008
1974	3.1965e-008
1975	4.5174e-008
1976	5.9802e-008
1977	9.742e-009
1978	7.7857e-009
1979	8.1824e-009
1980	9.0546e-009
1981	9.372e-009
1982	9.2399e-009
1983	9.019e-009
1984	8.9859e-009
1985	9.0502e-009
1986	9.2459e-009
1987	9.5731e-009
1988	9.9691e-009
1989	1.0373e-008
1990	1.0803e-008
1991	1.1243e-008
1992	1.1695e-008
1993	1.2163e-008
1994	1.2646e-008
1995	1.3147e-008
1996	1.3667e-008
1997	1.4211e-008
1998	1.4782e-008
1999	1.5329e-008
2000	1.5941e-008
2001	1.6625e-008
2002	1.7194e-008
2003	1.7932e-008
2004	1.8615e-008
2005	1.936e-008
2006	2.0101e-008
2007	2.0914e-008
2008	2.1752e-008
2009	2.2557e-008
2010	2.3498e-008
2011	2.4398e-008
2012	2.5359e-008
2013	2.6345e-008
2014	2.7405e-008
2015	2.7425e-008
2016	2.6434e-008
2017	2.5495e-008
2018	2.457e-008
2019	2.3758e-008
2020	2.2749e-008
2021	2.206e-008
2022	2.1247e-008
2023	2.0406e-008
2024	1.9683e-008
2025	1.8989e-008
2026	1.8398e-008
2027	1.7278e-008
2028	1.727e-008
2029	1.6214e-008
2030	1.55e-008
2031	1.522e-008
2032	1.452e-008
2033	1.3912e-008
2034	1.3363e-008
2035	1.2846e-008
2036	1.2289e-008
2037	1.1502e-008
2038	1.144e-008
2039	1.0762e-008
2040	1.0342e-008
2041	1.0101e-008
2042	9.5013e-009
2043	9.1757e-009
2044	9.0272e-009
2045	9.0496e-009
2046	8.6041e-009
2047	9.2595e-009
2048	1.0258e-008
2049	1.6719e-008
2050	3.1687e-008
2051	4.5658e-008
2052	5.9417e-008
2053	9.8305e-009
2054	7.6986e-009
2055	8.1646e-009
2056	9.0512e-009
2057	9.3548e-009
2058	9.2283e-009
2059	9.0194e-009
2060	8.9767e-009
2061	9.0422e-009
2062	9.2445e-009
2063	9.5707e-009
2064	9.9648e-009
2065	1.0369e-008
2066	1.0798e-008
2067	1.1238e-008
2068	1.1689e-008
2069	1.2156e-008
2070	1.2639e-008
2071	1.3138e-008
2072	1.3656e-008
2073	1.4198e-008
2074	1.4772e-008
2075	1.5322e-008
2076	1.5933e-008
2077	1.6614e-008
2078	1.7186e-008
2079	1.7923e-008
2080	1.8604e-008
2081	1.9349e-008
2082	2.0089e-008
2083	2.0902e-008
2084	2.1743e-008
2085	2.2549e-008
2086	2.3489e-008
2087	2.4391e-008
2088	2.5355e-008
2089	2.6338e-008
2090	2.7401e-008
2091	2.7424e-008
2092	2.6431e-008
2093	2.5496e-008
2094	2.4571e-008
2095	2.3756e-008
2096	2.2747e-008
2097	2.2057e-008
2098	2.1243e-008
2099	2.0397e-008
2100	1.9675e-008
2101	1.8973e-008
2102	1.8384e-008
2103	1.7275e-008
2104	1.7244e-008
2105	1.6205e-008
2106	1.5502e-008
2107	1.5205e-008
2108	1.4499e-008
2109	1.3905e-008
2110	1.3366e-008
2111	1.2852e-008
2112	1.2299e-008
2113	1.1523e-008
2114	1.1457e-008
2115	1.0772e-008
2116	1.0339e-008
2117	1.0107e-008
2118	9.5289e-009
2119	9.2146e-009
2120	9.0095e-009
2121	9.0221e-009
2122	8.66e-009
2123	9.2441e-009
2124	1.0236e-008
2125	1.6667e-008
2126	3.1584e-008
2127	4.4795e-008
2128	5.8943e-008
2129	9.8294e-009
2130	7.6956e-009
2131	8.1613e-009
2132	9.0479e-009
2133	9.3524e-009
2134	9.2263e-009
2135	9.0165e-009
2136	8.9726e-009
2137	9.0383e-009
2138	9.242e-009
2139	9.5691e-009
2140	9.9634e-009
2141	1.0367e-008
2142	1.0795e-008
2143	1.1234e-008
2144	1.1684e-008
2145	1.215e-008
2146	1.2633e-008
2147	1.3133e-008
2148	1.3652e-008
2149	1.4194e-008
2150	1.4766e-008
2151	1.5316e-008
2152	1.5928e-008
2153	1.6606e-008
2154	1.7177e-008
2155	1.7916e-008
2156	1.8596e-008
2157	1.9342e-008
2158	2.0083e-008
2159	2.0898e-008
2160	2.1737e-008
2161	2.2542e-008
2162	2.3482e-008
2163	2.4382e-008
2164	2.5346e-008
2165	2.6331e-008
2166	2.7396e-008
2167	2.7417e-008
2168	2.6424e-008
2169	2.5488e-008
2170	2.4562e-008
2171	2.3748e-008
2172	2.2741e-008
2173	2.2047e-008
2174	2.1234e-008
2175	2.0388e-008
2176	1.9669e-008
2177	1.8969e-008
2178	1.8383e-008
2179	1.7277e-008
2180	1.7247e-008
2181	1.6213e-008
2182	1.5513e-008
2183	1.5216e-008
2184	1.4512e-008
2185	1.3918e-008
2186	1.3379e-008
2187	1.2863e-008
2188	1.2307e-008
2189	1.1528e-008
2190	1.1459e-008
2191	1.0773e-008
2192	1.0339e-008
2193	1.0107e-008
2194	9.5293e-009
2195	9.2149e-009
2196	9.0103e-009
2197	9.0267e-009
2198	8.668e-009
2199	9.2554e-009
2200	1.0244e-008
2201	1.667e-008
2202	3.1584e-008
2203	4.479e-008
2204	5.8947e-008
2205	9.7402e-009
2206	7.7842e-009
2207	8.1812e-009
2208	9.0531e-009
2209	9.3709e-009
2210	9.2389e-009
2211	9.0175e-009
2212	8.9831e-009
2213	9.0473e-009
2214	9.2445e-009
2215	9.5729e-009
2216	9.9693e-009
2217	1.0374e-008
2218	1.0802e-008
2219	1.124e-008
2220	1.1692e-008
2221	1.2159e-008
2222	1.2643e-008
2223	1.3145e-008
2224	1.3665e-008
2225	1.4208e-008
2226	1.4777e-008
2227	1.5325e-008
2228	1.5938e-008
2229	1.6619e-008
2230	1.7188e-008
2231	1.7929e-008
2232	1.861e-008
2233	1.9358e-008
2234	2.01e-008
2235	2.0915e-008
2236	2.1754e-008
2237	2.2557e-008
2238	2.3501e-008
2239	2.44e-008
2240	2.5365e-008
2241	2.6354e-008
2242	2.7416e-008
2243	2.7438e-008
2244	2.6446e-008
2245	2.5506e-008
2246	2.4576e-008
2247	2.3761e-008
2248	2.2754e-008
2249	2.2061e-008
2250	2.1246e-008
2251	2.0403e-008
2252	1.9681e-008
2253	1.8985e-008
2254	1.8395e-008
2255	1.7275e-008
2256	1.7266e-008
2257	1.6211e-008
2258	1.5497e-008
2259	1.5219e-008
2260	1.4519e-008
2261	1.3916e-008
2262	1.3368e-008
2263	1.2852e-008
2264	1.2296e-008
2265	1.151e-008
2266	1.1449e-008
2267	1.0772e-008
2268	1.0351e-008
2269	1.011e-008
2270	9.5092e-009
2271	9.1807e-009
2272	9.0287e-009
2273	9.0485e-009
2274	8.603e-009
2275	9.2581e-009
2276	1.026e-008
2277	1.6727e-008
2278	3.1695e-008
2279	4.5667e-008
2280	5.9428e-008
2281	9.8622e-009
2282	7.7349e-009
2283	8.2666e-009
2284	9.1743e-009
2285	9.4899e-009
2286	9.3687e-009
2287	9.1635e-009
2288	9.1271e-009
2289	9.1988e-009
2290	9.4073e-009
2291	9.7397e-009
2292	1.0139e-008
2293	1.0548e-008
2294	1.0984e-008
2295	1.1432e-008
2296	1.1892e-008
2297	1.2367e-008
2298	1.2859e-008
2299	1.3368e-008
2300	1.3894e-008
2301	1.4446e-008
2302	1.5028e-008
2303	1.5589e-008
2304	1.621e-008
2305	1.6902e-008
2306	1.7484e-008
2307	1.8236e-008
2308	1.8929e-008
2309	1.9685e-008
2310	2.044e-008
2311	2.1269e-008
2312	2.2121e-008
2313	2.2939e-008
2314	2.39e-008
2315	2.4816e-008
2316	2.5791e-008
2317	2.6794e-008
2318	2.7873e-008
2319	2.7898e-008
2320	2.689e-008
2321	2.5936e-008
2322	2.4995e-008
2323	2.4167e-008
2324	2.3142e-008
2325	2.2435e-008
2326	2.1611e-008
2327	2.0752e-008
2328	2.0019e-008
2329	1.93e-008
2330	1.87e-008
2331	1.7576e-008
2332	1.7537e-008
2333	1.6484e-008
2334	1.5769e-008
2335	1.5464e-008
2336	1.4749e-008
2337	1.4146e-008
2338	1.3597e-008
2339	1.3073e-008
2340	1.251e-008
2341	1.1719e-008
2342	1.1644e-008
2343	1.0961e-008
2344	1.0516e-008
2345	1.0278e-008
2346	9.6862e-009
2347	9.3669e-009
2348	9.1627e-009
2349	9.1711e-009
2350	8.791e-009
2351	9.3775e-009
2352	1.0392e-008
2353	1.6755e-008
2354	3.1968e-008
2355	4.5178e-008
2356	5.9803e-008
2357	9.6491e-009
2358	7.7335e-009
2359	8.0481e-009
2360	8.8907e-009
2361	9.1857e-009
2362	9.0467e-009
2363	8.8219e-009
2364	8.7773e-009
2365	8.8342e-009
2366	9.0242e-009
2367	9.3426e-009
2368	9.7267e-009
2369	1.0121e-008
2370	1.0541e-008
2371	1.0971e-008
2372	1.1412e-008
2373	1.1869e-008
2374	1.2341e-008
2375	1.2829e-008
2376	1.3336e-008
2377	1.3868e-008
2378	1.4424e-008
2379	1.4956e-008
2380	1.5553e-008
2381	1.6222e-008
2382	1.6778e-008
2383	1.7499e-008
2384	1.8165e-008
2385	1.8892e-008
2386	1.9617e-008
2387	2.0409e-008
2388	2.1226e-008
2389	2.201e-008
2390	2.2931e-008
2391	2.3809e-008
2392	2.4743e-008
2393	2.5704e-008
2394	2.6736e-008
2395	2.6761e-008
2396	2.5794e-008
2397	2.4879e-008
2398	2.398e-008
2399	2.3183e-008
2400	2.2204e-008
2401	2.1532e-008
2402	2.0735e-008
2403	1.992e-008
2404	1.9209e-008
2405	1.8536e-008
2406	1.7958e-008
2407	1.6866e-008
2408	1.6858e-008
2409	1.5829e-008
2410	1.5132e-008
2411	1.4857e-008
2412	1.4171e-008
2413	1.3578e-008
2414	1.3045e-008
2415	1.2544e-008
2416	1.1999e-008
2417	1.1237e-008
2418	1.1181e-008
2419	1.0501e-008
2420	1.0097e-008
2421	9.8646e-009
2422	9.2901e-009
2423	8.973e-009
2424	8.8114e-009
2425	8.8379e-009
2426	8.4391e-009
2427	9.0788e-009
2428	1.0058e-008
2429	1.6653e-008
2430	3.1117e-008
2431	4.4915e-008
2432	5.7723e-008
2433	9.8622e-009
2434	7.7349e-009
2435	8.2666e-009
2436	9.1743e-009
2437	9.4899e-009
2438	9.3687e-009
2439	9.1635e-009
2440	9.1271e-009
2441	9.1988e-009
2442	9.4073e-009
2443	9.7397e-009
2444	1.0139e-008
2445	1.0548e-008
2446	1.0984e-008
2447	1.1432e-008
2448	1.1892e-008
2449	1.2367e-008
2450	1.2859e-008
2451	1.3368e-008
2452	1.3894e-008
2453	1.4446e-008
2454	1.5028e-008
2455	1.5589e-008
2456	1.621e-008
2457	1.6902e-008
2458	1.7484e-008
2459	1.8236e-008
2460	1.8929e-008
2461	1.9685e-008
2462	2.044e-008
2463	2.1269e-008
2464	2.2121e-008
2465	2.2939e-008
2466	2.39e-008
2467	2.4816e-008
2468	2.5791e-008
2469	2.6794e-008
2470	2.7873e-008
2471	2.7898e-008
2472	2.689e-008
2473	2.5936e-008
2474	2.4995e-008
2475	2.4167e-008
2476	2.3142e-008
2477	2.2435e-008
2478	2.1611e-008
2479	2.0752e-008
2480	2.0019e-008
2481	1.93e-008
2482	1.87e-008
2483	1.7576e-008
2484	1.7537e-008
2485	1.6484e-008
2486	1.5769e-008
2487	1.5464e-008
2488	1.4749e-008
2489	1.4146e-008
2490	1.3597e-008
2491	1.3073e-008
2492	1.251e-008
2493	1.1719e-008
2494	1.1644e-008
2495	1.0961e-008
2496	1.0516e-008
2497	1.0278e-008
2498	9.6862e-009
2499	9.3669e-009
2500	9.1627e-009
2501	9.1711e-009
2502	8.791e-009
2503	9.3775e-009
2504	1.0392e-008
2505	1.6755e-008
2506	3.1968e-008
2507	4.5178e-008
2508	5.9803e-008
2509	9.7402e-009
2510	7.7842e-009
2511	8.1812e-009
2512	9.0531e-009
2513	9.3709e-009
2514	9.2389e-009
2515	9.0175e-009
2516	8.9831e-009
2517	9.0473e-009
2518	9.2445e-009
2519	9.5729e-009
2520	9.9693e-009
2521	1.0374e-008
2522	1.0802e-008
2523	1.124e-008
2524	1.1692e-008
2525	1.2159e-008
2526	1.2643e-008
2527	1.3145e-008
2528	1.3665e-008
2529	1.4208e-008
2530	1.4777e-008
2531	1.5325e-008
2532	1.5938e-008
2533	1.6619e-008
2534	1.7188e-008
2535	1.7929e-008
2536	1.861e-008
2537	1.9358e-008
2538	2.01e-008
2539	2.0915e-008
2540	2.1754e-008
2541	2.2557e-008
2542	2.3501e-008
2543	2.44e-008
2544	2.5365e-008
2545	2.6354e-008
2546	2.7416e-008
2547	2.7438e-008
2548	2.6446e-008
2549	2.5506e-008
2550	2.4576e-008
2551	2.3761e-008
2552	2.2754e-008
2553	2.2061e-008
2554	2.1246e-008
2555	2.0403e-008
2556	1.9681e-008
2557	1.8985e-008
2558	1.8395e-008
2559	1.7275e-008
2560	1.7266e-008
2561	1.6211e-008
2562	1.5497e-008
2563	1.5219e-008
2564	1.4519e-008
2565	1.3916e-008
2566	1.3368e-008
2567	1.2852e-008
2568	1.2296e-008
2569	1.151e-008
2570	1.1449e-008
2571	1.0772e-008
2572	1.0351e-008
2573	1.011e-008
2574	9.5092e-009
2575	9.1807e-009
2576	9.0287e-009
2577	9.0485e-009
2578	8.603e-009
2579	9.2581e-009
2580	1.026e-008
2581	1.6727e-008
2582	3.1695e-008
2583	4.5667e-008
2584	5.9428e-008
2585	9.8294e-009
2586	7.6956e-009
2587	8.1613e-009
2588	9.0479e-009
2589	9.3524e-009
2590	9.2263e-009
2591	9.0165e-009
2592	8.9726e-009
2593	9.0383e-009
2594	9.242e-009
2595	9.5691e-009
2596	9.9634e-009
2597	1.0367e-008
2598	1.0795e-008
2599	1.1234e-008
2600	1.1684e-008
2601	1.215e-008
2602	1.2633e-008
2603	1.3133e-008
2604	1.3652e-008
2605	1.4194e-008
2606	1.4766e-008
2607	1.5316e-008
2608	1.5928e-008
2609	1.6606e-008
2610	1.7177e-008
2611	1.7916e-008
2612	1.8596e-008
2613	1.9342e-008
2614	2.0083e-008
2615	2.0898e-008
2616	2.1737e-008
2617	2.2542e-008
2618	2.3482e-008
2619	2.4382e-008
2620	2.5346e-008
2621	2.6331e-008
2622	2.7396e-008
2623	2.7417e-008
2624	2.6424e-008
2625	2.5488e-008
2626	2.4562e-008
2627	2.3748e-008
2628	2.2741e-008
2629	2.2047e-008
2630	2.1234e-008
2631	2.0388e-008
2632	1.9669e-008
2633	1.8969e-008
2634	1.8383e-008
2635	1.7277e-008
2636	1.7247e-008
2637	1.6213e-008
2638	1.5513e-008
2639	1.5216e-008
2640	1.4512e-008
2641	1.3918e-008
2642	1.3379e-008
2643	1.2863e-008
2644	1.2307e-008
2645	1.1528e-008
2646	1.1459e-008
2647	1.0773e-008
2648	1.0339e-008
2649	1.0107e-008
2650	9.5293e-009
2651	9.2149e-009
2652	9.0103e-009
2653	9.0267e-009
2654	8.668e-009
2655	9.2554e-009
2656	1.0244e-008
2657	1.667e-008
2658	3.1584e-008
2659	4.479e-008
2660	5.8947e-008
2661	9.8305e-009
2662	7.6986e-009
2663	8.1646e-009
2664	9.0512e-009
2665	9.3548e-009
2666	9.2283e-009
2667	9.0194e-009
2668	8.9767e-009
2669	9.0422e-009
2670	9.2445e-009
2671	9.5707e-009
2672	9.9648e-009
2673	1.0369e-008
2674	1.0798e-008
2675	1.1238e-008
2676	1.1689e-008
2677	1.2156e-008
2678	1.2639e-008
2679	1.3138e-008
2680	1.3656e-008
2681	1.4198e-008
2682	1.4772e-008
2683	1.5322e-008
2684	1.5933e-008
2685	1.6614e-008
2686	1.7186e-008
2687	1.7923e-008
2688	1.8604e-008
2689	1.9349e-008
2690	2.0089e-008
2691	2.0902e-008
2692	2.1743e-008
2693	2.2549e-008
2694	2.3489e-008
2695	2.4391e-008
2696	2.5355e-008
2697	2.6338e-008
2698	2.7401e-008
2699	2.7424e-008
2700	2.6431e-008
2701	2.5496e-008
2702	2.4571e-008
2703	2.3756e-008
2704	2.2747e-008
2705	2.2057e-008
2706	2.1243e-008
2707	2.0397e-008
2708	1.9675e-008
2709	1.8973e-008
2710	1.8384e-008
2711	1.7275e-008
2712	1.7244e-008
2713	1.6205e-008
2714	1.5502e-008
2715	1.5205e-008
2716	1.4499e-008
2717	1.3905e-008
2718	1.3366e-008
2719	1.2852e-008
2720	1.2299e-008
2721	1.1523e-008
2722	1.1457e-008
2723	1.0772e-008
2724	1.0339e-008
2725	1.0107e-008
2726	9.5289e-009
2727	9.2146e-009
2728	9.0095e-009
2729	9.0221e-009
2730	8.66e-009
2731	9.2441e-009
2732	1.0236e-008
2733	1.6667e-008
2734	3.1584e-008
2735	4.4795e-008
2736	5.8943e-008
2737	9.742e-009
2738	7.7857e-009
2739	8.1824e-009
2740	9.0546e-009
2741	9.372e-009
2742	9.2399e-009
2743	9.019e-009
2744	8.9859e-009
2745	9.0502e-009
2746	9.2459e-009
2747	9.5731e-009
2748	9.9691e-009
2749	1.0373e-008
2750	1.0803e-008
2751	1.1243e-008
2752	1.1695e-008
2753	1.2163e-008
2754	1.2646e-008
2755	1.3147e-008
2756	1.3667e-008
2757	1.4211e-008
2758	1.4782e-008
2759	1.5329e-008
2760	1.5941e-008
2761	1.6625e-008
2762	1.7194e-008
2763	1.7932e-008
2764	1.8615e-008
2765	1.936e-008
2766	2.0101e-008
2767	2.0914e-008
2768	2.1752e-008
2769	2.2557e-008
2770	2.3498e-008
2771	2.4398e-008
2772	2.5359e-008
2773	2.6345e-008
2774	2.7405e-008
2775	2.7425e-008
2776	2.6434e-008
2777	2.5495e-008
2778	2.457e-008
2779	2.3758e-008
2780	2.2749e-008
2781	2.206e-008
2782	2.1247e-008
2783	2.0406e-008
2784	1.9683e-008
2785	1.8989e-008
2786	1.8398e-008
2787	1.7278e-008
2788	1.727e-008
2789	1.6214e-008
2790	1.55e-008
2791	1.522e-008
2792	1.452e-008
2793	1.3912e-008
2794	1.3363e-008
2795	1.2846e-008
2796	1.2289e-008
2797	1.1502e-008
2798	1.144e-008
2799	1.0762e-008
2800	1.0342e-008
2801	1.0101e-008
2802	9.5013e-009
2803	9.1757e-009
2804	9.0272e-009
2805	9.0496e-009
2806	8.6041e-009
2807	9.2595e-009
2808	1.0258e-008
2809	1.6719e-008
2810	3.1687e-008
2811	4.5658e-008
2812	5.9417e-008
2813	9.8619e-009
2814	7.7338e-009
2815	8.2648e-009
2816	9.1731e-009
2817	9.4893e-009
2818	9.3683e-009
2819	9.1624e-009
2820	9.1255e-009
2821	9.1974e-009
2822	9.4066e-009
2823	9.7389e-009
2824	1.0138e-008
2825	1.0547e-008
2826	1.0983e-008
2827	1.143e-008
2828	1.189e-008
2829	1.2366e-008
2830	1.2857e-008
2831	1.3366e-008
2832	1.3894e-008
2833	1.4445e-008
2834	1.5027e-008
2835	1.5587e-008
2836	1.6208e-008
2837	1.69e-008
2838	1.7481e-008
2839	1.8231e-008
2840	1.8926e-008
2841	1.9682e-008
2842	2.0437e-008
2843	2.1267e-008
2844	2.2118e-008
2845	2.2936e-008
2846	2.3896e-008
2847	2.4811e-008
2848	2.5788e-008
2849	2.6792e-008
2850	2.787e-008
2851	2.7893e-008
2852	2.6886e-008
2853	2.593e-008
2854	2.4988e-008
2855	2.4164e-008
2856	2.3138e-008
2857	2.2429e-008
2858	2.1606e-008
2859	2.075e-008
2860	2.0017e-008
2861	1.9299e-008
2862	1.87e-008
2863	1.7577e-008
2864	1.754e-008
2865	1.6489e-008
2866	1.5775e-008
2867	1.547e-008
2868	1.4754e-008
2869	1.4151e-008
2870	1.3601e-008
2871	1.3077e-008
2872	1.2513e-008
2873	1.172e-008
2874	1.1644e-008
2875	1.096e-008
2876	1.0515e-008
2877	1.0276e-008
2878	9.6852e-009
2879	9.3666e-009
2880	9.1634e-009
2881	9.1736e-009
2882	8.7947e-009
2883	9.3825e-009
2884	1.0395e-008
2885	1.6753e-008
2886	3.1965e-008
2887	4.5174e-008
2888	5.9802e-008
2889	9.6467e-009
2890	7.7319e-009
2891	8.0469e-009
2892	8.89e-009
2893	9.1856e-009
2894	9.0469e-009
2895	8.822e-009
2896	8.7757e-009
2897	8.8318e-009
2898	9.0231e-009
2899	9.3424e-009
2900	9.7274e-009
2901	1.0121e-008
2902	1.0539e-008
2903	1.0967e-008
2904	1.1409e-008
2905	1.1866e-008
2906	1.2339e-008
2907	1.2828e-008
2908	1.3336e-008
2909	1.3865e-008
2910	1.442e-008
2911	1.4953e-008
2912	1.5552e-008
2913	1.6217e-008
2914	1.6773e-008
2915	1.7494e-008
2916	1.8161e-008
2917	1.8889e-008
2918	1.9615e-008
2919	2.0409e-008
2920	2.1226e-008
2921	2.201e-008
2922	2.2933e-008
2923	2.381e-008
2924	2.4755e-008
2925	2.5721e-008
2926	2.6752e-008
2927	2.6774e-008
2928	2.581e-008
2929	2.4891e-008
2930	2.3983e-008
2931	2.3188e-008
2932	2.2208e-008
2933	2.1533e-008
2934	2.0734e-008
2935	1.9918e-008
2936	1.9208e-008
2937	1.8533e-008
2938	1.7955e-008
2939	1.6863e-008
2940	1.6853e-008
2941	1.5826e-008
2942	1.5129e-008
2943	1.4854e-008
2944	1.4169e-008
2945	1.3579e-008
2946	1.3048e-008
2947	1.2547e-008
2948	1.2004e-008
2949	1.1243e-008
2950	1.1189e-008
2951	1.051e-008
2952	1.0106e-008
2953	9.8736e-009
2954	9.2983e-009
2955	8.9786e-009
2956	8.8131e-009
2957	8.8358e-009
2958	8.4365e-009
2959	9.0749e-009
2960	1.0059e-008
2961	1.6659e-008
2962	3.1123e-008
2963	4.4926e-008
2964	5.7734e-008
2965	9.8602e-009
2966	7.7322e-009
2967	8.2634e-009
2968	9.1708e-009
2969	9.4858e-009
2970	9.3646e-009
2971	9.1598e-009
2972	9.1225e-009
2973	9.1925e-009
2974	9.4006e-009
2975	9.7346e-009
2976	1.0137e-008
2977	1.0545e-008
2978	1.098e-008
2979	1.1427e-008
2980	1.1885e-008
2981	1.236e-008
2982	1.2853e-008
2983	1.336e-008
2984	1.3887e-008
2985	1.444e-008
2986	1.5022e-008
2987	1.5579e-008
2988	1.6201e-008
2989	1.6892e-008
2990	1.7475e-008
2991	1.8224e-008
2992	1.8915e-008
2993	1.9672e-008
2994	2.0428e-008
2995	2.1258e-008
2996	2.2109e-008
2997	2.2928e-008
2998	2.3887e-008
2999	2.4801e-008
3000	2.5784e-008
3001	2.6786e-008
3002	2.7864e-008
3003	2.7886e-008
3004	2.6881e-008
3005	2.5927e-008
3006	2.4984e-008
3007	2.4157e-008
3008	2.3135e-008
3009	2.2426e-008
3010	2.1599e-008
3011	2.0737e-008
3012	2.0009e-008
3013	1.9294e-008
3014	1.8698e-008
3015	1.7579e-008
3016	1.7541e-008
3017	1.6492e-008
3018	1.578e-008
3019	1.5479e-008
3020	1.4764e-008
3021	1.4161e-008
3022	1.3612e-008
3023	1.3087e-008
3024	1.2522e-008
3025	1.1729e-008
3026	1.1653e-008
3027	1.0966e-008
3028	1.0519e-008
3029	1.028e-008
3030	9.6896e-009
3031	9.3713e-009
3032	9.1675e-009
3033	9.1798e-009
3034	8.8036e-009
3035	9.3926e-009
3036	1.0403e-008
3037	1.676e-008
3038	3.197e-008
3039	4.5175e-008
3040	5.981e-008
3041	9.7406e-009
3042	7.7858e-009
3043	8.183e-009
3044	9.0549e-009
3045	9.3719e-009
3046	9.2398e-009
3047	9.0193e-009
3048	8.9855e-009
3049	9.0491e-009
3050	9.2453e-009
3051	9.5739e-009
3052	9.9714e-009
3053	1.0376e-008
3054	1.0805e-008
3055	1.1243e-008
3056	1.1695e-008
3057	1.2163e-008
3058	1.2647e-008
3059	1.3147e-008
3060	1.3667e-008
3061	1.421e-008
3062	1.4782e-008
3063	1.5328e-008
3064	1.5942e-008
3065	1.6624e-008
3066	1.7195e-008
3067	1.7933e-008
3068	1.8615e-008
3069	1.9362e-008
3070	2.0103e-008
3071	2.0916e-008
3072	2.1756e-008
3073	2.2561e-008
3074	2.3504e-008
3075	2.4404e-008
3076	2.5373e-008
3077	2.6359e-008
3078	2.7419e-008
3079	2.7441e-008
3080	2.6449e-008
3081	2.5509e-008
3082	2.4582e-008
3083	2.3768e-008
3084	2.2758e-008
3085	2.2068e-008
3086	2.1251e-008
3087	2.0407e-008
3088	1.9682e-008
3089	1.8985e-008
3090	1.8395e-008
3091	1.7275e-008
3092	1.7263e-008
3093	1.6206e-008
3094	1.549e-008
3095	1.5212e-008
3096	1.4512e-008
3097	1.3906e-008
3098	1.3359e-008
3099	1.2844e-008
3100	1.2291e-008
3101	1.1507e-008
3102	1.1448e-008
3103	1.0771e-008
3104	1.0351e-008
3105	1.011e-008
3106	9.509e-009
3107	9.1811e-009
3108	9.0289e-009
3109	9.0461e-009
3110	8.5983e-009
3111	9.2512e-009
3112	1.0255e-008
3113	1.6726e-008
3114	3.1696e-008
3115	4.567e-008
3116	5.9425e-008
3117	9.831e-009
3118	7.6978e-009
3119	8.163e-009
3120	9.051e-009
3121	9.3561e-009
3122	9.2301e-009
3123	9.0203e-009
3124	8.9765e-009
3125	9.0427e-009
3126	9.246e-009
3127	9.5714e-009
3128	9.9646e-009
3129	1.0368e-008
3130	1.0797e-008
3131	1.1237e-008
3132	1.1689e-008
3133	1.2156e-008
3134	1.2639e-008
3135	1.3139e-008
3136	1.3659e-008
3137	1.4201e-008
3138	1.4773e-008
3139	1.5324e-008
3140	1.5935e-008
3141	1.6614e-008
3142	1.7184e-008
3143	1.792e-008
3144	1.8603e-008
3145	1.9348e-008
3146	2.0088e-008
3147	2.0902e-008
3148	2.174e-008
3149	2.2546e-008
3150	2.3486e-008
3151	2.4385e-008
3152	2.5347e-008
3153	2.6335e-008
3154	2.7397e-008
3155	2.7414e-008
3156	2.6425e-008
3157	2.5485e-008
3158	2.4559e-008
3159	2.3751e-008
3160	2.2741e-008
3161	2.2049e-008
3162	2.1239e-008
3163	2.0397e-008
3164	1.9676e-008
3165	1.8975e-008
3166	1.8386e-008
3167	1.7277e-008
3168	1.7248e-008
3169	1.6212e-008
3170	1.551e-008
3171	1.5211e-008
3172	1.4505e-008
3173	1.3908e-008
3174	1.3367e-008
3175	1.2852e-008
3176	1.2296e-008
3177	1.1517e-008
3178	1.1449e-008
3179	1.0764e-008
3180	1.0331e-008
3181	1.0099e-008
3182	9.5232e-009
3183	9.2105e-009
3184	9.0076e-009
3185	9.0231e-009
3186	8.6617e-009
3187	9.2475e-009
3188	1.0235e-008
3189	1.6661e-008
3190	3.1576e-008
3191	4.4786e-008
3192	5.8937e-008
3193	6.7219e-009
3194	5.5265e-009
3195	6.1e-009
3196	6.8644e-009
3197	7.251e-009
3198	7.3045e-009
3199	7.2072e-009
3200	7.0172e-009
3201	7.0527e-009
3202	7.2273e-009
3203	7.4491e-009
3204	7.7245e-009
3205	8.056e-009
3206	8.3951e-009
3207	8.7434e-009
3208	9.0959e-009
3209	9.4589e-009
3210	9.8348e-009
3211	1.0225e-008
3212	1.0628e-008
3213	1.1043e-008
3214	1.147e-008
3215	1.1956e-008
3216	1.2416e-008
3217	1.2854e-008
3218	1.344e-008
3219	1.3908e-008
3220	1.4482e-008
3221	1.504e-008
3222	1.5652e-008
3223	1.6257e-008
3224	1.6883e-008
3225	1.7591e-008
3226	1.824e-008
3227	1.8979e-008
3228	1.9722e-008
3229	2.051e-008
3230	2.1296e-008
3231	2.1325e-008
3232	2.0578e-008
3233	1.983e-008
3234	1.9135e-008
3235	1.8381e-008
3236	1.7843e-008
3237	1.7088e-008
3238	1.6487e-008
3239	1.5936e-008
3240	1.5333e-008
3241	1.4745e-008
3242	1.4088e-008
3243	1.3987e-008
3244	1.2874e-008
3245	1.276e-008
3246	1.2408e-008
3247	1.1642e-008
3248	1.124e-008
3249	1.0845e-008
3250	1.0437e-008
3251	1.0009e-008
3252	9.7214e-009
3253	8.8691e-009
3254	8.9329e-009
3255	8.4455e-009
3256	8.0441e-009
3257	7.6756e-009
3258	7.4957e-009
3259	7.3471e-009
3260	6.857e-009
3261	6.756e-009
3262	7.409e-009
3263	8.1358e-009
3264	1.1028e-008
3265	2.8766e-008
3266	3.049e-008
3267	3.0841e-008
3268	2.4898e-008
3269	6.6912e-009
3270	5.74e-009
3271	6.4788e-009
3272	7.2779e-009
3273	7.6963e-009
3274	7.7627e-009
3275	7.6722e-009
3276	7.4907e-009
3277	7.5378e-009
3278	7.7264e-009
3279	7.9676e-009
3280	8.2643e-009
3281	8.6179e-009
3282	8.9795e-009
3283	9.3512e-009
3284	9.7273e-009
3285	1.0116e-008
3286	1.0518e-008
3287	1.0936e-008
3288	1.1366e-008
3289	1.1811e-008
3290	1.2267e-008
3291	1.2784e-008
3292	1.3277e-008
3293	1.3748e-008
3294	1.4373e-008
3295	1.4874e-008
3296	1.5487e-008
3297	1.6084e-008
3298	1.6739e-008
3299	1.7385e-008
3300	1.8059e-008
3301	1.8819e-008
3302	1.9511e-008
3303	2.0302e-008
3304	2.1098e-008
3305	2.1943e-008
3306	2.2787e-008
3307	2.2823e-008
3308	2.2019e-008
3309	2.1219e-008
3310	2.0476e-008
3311	1.967e-008
3312	1.9089e-008
3313	1.8286e-008
3314	1.7643e-008
3315	1.7051e-008
3316	1.6405e-008
3317	1.5776e-008
3318	1.5074e-008
3319	1.4949e-008
3320	1.3774e-008
3321	1.3632e-008
3322	1.3244e-008
3323	1.2436e-008
3324	1.2007e-008
3325	1.158e-008
3326	1.1141e-008
3327	1.0687e-008
3328	1.0377e-008
3329	9.4808e-009
3330	9.5586e-009
3331	9.0411e-009
3332	8.6224e-009
3333	8.2248e-009
3334	8.0189e-009
3335	7.8466e-009
3336	7.3453e-009
3337	7.2171e-009
3338	7.8426e-009
3339	8.6077e-009
3340	1.1562e-008
3341	2.9223e-008
3342	3.1611e-008
3343	3.2044e-008
3344	2.5361e-008
3345	6.704e-009
3346	5.6537e-009
3347	6.343e-009
3348	7.139e-009
3349	7.5556e-009
3350	7.6145e-009
3351	7.5145e-009
3352	7.3331e-009
3353	7.3738e-009
3354	7.5543e-009
3355	7.7895e-009
3356	8.081e-009
3357	8.4264e-009
3358	8.7785e-009
3359	9.1419e-009
3360	9.5088e-009
3361	9.8884e-009
3362	1.0282e-008
3363	1.069e-008
3364	1.1111e-008
3365	1.1547e-008
3366	1.1993e-008
3367	1.2495e-008
3368	1.2976e-008
3369	1.3439e-008
3370	1.4049e-008
3371	1.4544e-008
3372	1.5142e-008
3373	1.5725e-008
3374	1.6366e-008
3375	1.6996e-008
3376	1.7651e-008
3377	1.8391e-008
3378	1.9066e-008
3379	1.9842e-008
3380	2.0619e-008
3381	2.1443e-008
3382	2.2266e-008
3383	2.2298e-008
3384	2.1513e-008
3385	2.0736e-008
3386	2.0007e-008
3387	1.922e-008
3388	1.8655e-008
3389	1.7874e-008
3390	1.7237e-008
3391	1.6664e-008
3392	1.6031e-008
3393	1.5422e-008
3394	1.4744e-008
3395	1.4614e-008
3396	1.3491e-008
3397	1.3346e-008
3398	1.2968e-008
3399	1.2197e-008
3400	1.1783e-008
3401	1.1367e-008
3402	1.0937e-008
3403	1.0491e-008
3404	1.0175e-008
3405	9.2913e-009
3406	9.367e-009
3407	8.8481e-009
3408	8.4347e-009
3409	8.0402e-009
3410	7.8321e-009
3411	7.6635e-009
3412	7.1969e-009
3413	7.099e-009
3414	7.6966e-009
3415	8.4784e-009
3416	1.1565e-008
3417	2.8815e-008
3418	3.1255e-008
3419	3.1708e-008
3420	2.5295e-008
3421	6.7106e-009
3422	5.5484e-009
3423	6.0643e-009
3424	6.8056e-009
3425	7.1678e-009
3426	7.2244e-009
3427	7.1386e-009
3428	6.9414e-009
3429	6.9796e-009
3430	7.1608e-009
3431	7.3811e-009
3432	7.6524e-009
3433	7.9801e-009
3434	8.3163e-009
3435	8.6617e-009
3436	9.0109e-009
3437	9.3716e-009
3438	9.7436e-009
3439	1.013e-008
3440	1.0529e-008
3441	1.0939e-008
3442	1.1362e-008
3443	1.1844e-008
3444	1.23e-008
3445	1.273e-008
3446	1.3317e-008
3447	1.3776e-008
3448	1.4345e-008
3449	1.4897e-008
3450	1.5506e-008
3451	1.6107e-008
3452	1.6726e-008
3453	1.7434e-008
3454	1.8071e-008
3455	1.8805e-008
3456	1.9542e-008
3457	2.0328e-008
3458	2.1103e-008
3459	2.1134e-008
3460	2.0397e-008
3461	1.9655e-008
3462	1.8964e-008
3463	1.8216e-008
3464	1.7686e-008
3465	1.693e-008
3466	1.6342e-008
3467	1.5791e-008
3468	1.5199e-008
3469	1.4607e-008
3470	1.3951e-008
3471	1.3885e-008
3472	1.2724e-008
3473	1.2646e-008
3474	1.2309e-008
3475	1.1513e-008
3476	1.111e-008
3477	1.0726e-008
3478	1.0324e-008
3479	9.8991e-009
3480	9.6328e-009
3481	8.7814e-009
3482	8.8343e-009
3483	8.368e-009
3484	7.9639e-009
3485	7.6036e-009
3486	7.4458e-009
3487	7.3108e-009
3488	6.7723e-009
3489	6.6459e-009
3490	7.3788e-009
3491	8.0586e-009
3492	1.0632e-008
3493	2.9168e-008
3494	3.0263e-008
3495	3.0655e-008
3496	2.456e-008
3497	6.7077e-009
3498	5.6574e-009
3499	6.3467e-009
3500	7.1431e-009
3501	7.5599e-009
3502	7.6182e-009
3503	7.5181e-009
3504	7.3375e-009
3505	7.3792e-009
3506	7.5594e-009
3507	7.7941e-009
3508	8.0837e-009
3509	8.4298e-009
3510	8.7831e-009
3511	9.1459e-009
3512	9.515e-009
3513	9.8951e-009
3514	1.0289e-008
3515	1.0698e-008
3516	1.1119e-008
3517	1.1553e-008
3518	1.2e-008
3519	1.2504e-008
3520	1.2986e-008
3521	1.3448e-008
3522	1.4058e-008
3523	1.4552e-008
3524	1.515e-008
3525	1.5735e-008
3526	1.6376e-008
3527	1.7009e-008
3528	1.7665e-008
3529	1.8403e-008
3530	1.9085e-008
3531	1.9858e-008
3532	2.0635e-008
3533	2.1459e-008
3534	2.2283e-008
3535	2.2316e-008
3536	2.1533e-008
3537	2.0752e-008
3538	2.0021e-008
3539	1.9236e-008
3540	1.8668e-008
3541	1.7883e-008
3542	1.7251e-008
3543	1.6677e-008
3544	1.6041e-008
3545	1.5428e-008
3546	1.4743e-008
3547	1.4609e-008
3548	1.3483e-008
3549	1.3335e-008
3550	1.2954e-008
3551	1.2181e-008
3552	1.1767e-008
3553	1.1351e-008
3554	1.0923e-008
3555	1.0479e-008
3556	1.0166e-008
3557	9.2864e-009
3558	9.3639e-009
3559	8.8481e-009
3560	8.4378e-009
3561	8.0447e-009
3562	7.8347e-009
3563	7.6634e-009
3564	7.1946e-009
3565	7.0901e-009
3566	7.6816e-009
3567	8.4599e-009
3568	1.1552e-008
3569	2.8818e-008
3570	3.1262e-008
3571	3.1711e-008
3572	2.5295e-008
3573	6.6903e-009
3574	5.7413e-009
3575	6.4756e-009
3576	7.2741e-009
3577	7.6925e-009
3578	7.7588e-009
3579	7.6679e-009
3580	7.4867e-009
3581	7.5343e-009
3582	7.7222e-009
3583	7.9625e-009
3584	8.2577e-009
3585	8.611e-009
3586	8.9734e-009
3587	9.3455e-009
3588	9.7222e-009
3589	1.0111e-008
3590	1.0512e-008
3591	1.0928e-008
3592	1.1359e-008
3593	1.1804e-008
3594	1.226e-008
3595	1.2776e-008
3596	1.3269e-008
3597	1.374e-008
3598	1.4365e-008
3599	1.4865e-008
3600	1.5479e-008
3601	1.6074e-008
3602	1.6728e-008
3603	1.7375e-008
3604	1.8044e-008
3605	1.8802e-008
3606	1.9495e-008
3607	2.0284e-008
3608	2.1077e-008
3609	2.1917e-008
3610	2.2758e-008
3611	2.2792e-008
3612	2.1991e-008
3613	2.1191e-008
3614	2.0451e-008
3615	1.9649e-008
3616	1.9069e-008
3617	1.8267e-008
3618	1.7628e-008
3619	1.7038e-008
3620	1.6397e-008
3621	1.5773e-008
3622	1.5076e-008
3623	1.4956e-008
3624	1.3788e-008
3625	1.3652e-008
3626	1.3266e-008
3627	1.2461e-008
3628	1.2031e-008
3629	1.1603e-008
3630	1.1161e-008
3631	1.0701e-008
3632	1.0385e-008
3633	9.4827e-009
3634	9.5544e-009
3635	9.0327e-009
3636	8.6115e-009
3637	8.2139e-009
3638	8.0105e-009
3639	7.8418e-009
3640	7.3469e-009
3641	7.231e-009
3642	7.8587e-009
3643	8.6348e-009
3644	1.1587e-008
3645	2.9211e-008
3646	3.16e-008
3647	3.2025e-008
3648	2.5351e-008
3649	6.7218e-009
3650	5.5257e-009
3651	6.1023e-009
3652	6.8664e-009
3653	7.2528e-009
3654	7.3065e-009
3655	7.2098e-009
3656	7.0203e-009
3657	7.0559e-009
3658	7.2307e-009
3659	7.4527e-009
3660	7.7283e-009
3661	8.06e-009
3662	8.3995e-009
3663	8.7481e-009
3664	9.0995e-009
3665	9.4625e-009
3666	9.839e-009
3667	1.023e-008
3668	1.0631e-008
3669	1.1047e-008
3670	1.1475e-008
3671	1.196e-008
3672	1.2421e-008
3673	1.2859e-008
3674	1.3446e-008
3675	1.3914e-008
3676	1.4489e-008
3677	1.5046e-008
3678	1.5659e-008
3679	1.6263e-008
3680	1.6892e-008
3681	1.7606e-008
3682	1.8252e-008
3683	1.8992e-008
3684	1.9735e-008
3685	2.0526e-008
3686	2.1313e-008
3687	2.1349e-008
3688	2.0596e-008
3689	1.9847e-008
3690	1.9154e-008
3691	1.8396e-008
3692	1.7856e-008
3693	1.7103e-008
3694	1.65e-008
3695	1.5947e-008
3696	1.5339e-008
3697	1.4748e-008
3698	1.4089e-008
3699	1.3983e-008
3700	1.2863e-008
3701	1.2745e-008
3702	1.239e-008
3703	1.1622e-008
3704	1.122e-008
3705	1.0828e-008
3706	1.0422e-008
3707	9.9991e-009
3708	9.7177e-009
3709	8.8695e-009
3710	8.9382e-009
3711	8.4537e-009
3712	8.0537e-009
3713	7.6843e-009
3714	7.502e-009
3715	7.3506e-009
3716	6.8565e-009
3717	6.7469e-009
3718	7.3984e-009
3719	8.1172e-009
3720	1.1011e-008
3721	2.8777e-008
3722	3.05e-008
3723	3.0855e-008
3724	2.4908e-008
3725	6.719e-009
3726	5.5232e-009
3727	6.0986e-009
3728	6.8628e-009
3729	7.2488e-009
3730	7.3022e-009
3731	7.2052e-009
3732	7.0149e-009
3733	7.0502e-009
3734	7.2252e-009
3735	7.4471e-009
3736	7.7232e-009
3737	8.0549e-009
3738	8.3931e-009
3739	8.7413e-009
3740	9.0928e-009
3741	9.4549e-009
3742	9.8312e-009
3743	1.0222e-008
3744	1.0624e-008
3745	1.1038e-008
3746	1.1466e-008
3747	1.1951e-008
3748	1.2411e-008
3749	1.2849e-008
3750	1.3437e-008
3751	1.3905e-008
3752	1.4478e-008
3753	1.5035e-008
3754	1.5651e-008
3755	1.6252e-008
3756	1.6878e-008
3757	1.759e-008
3758	1.8232e-008
3759	1.8973e-008
3760	1.9715e-008
3761	2.0505e-008
3762	2.1289e-008
3763	2.1322e-008
3764	2.0573e-008
3765	1.9827e-008
3766	1.9133e-008
3767	1.8376e-008
3768	1.7839e-008
3769	1.7087e-008
3770	1.6482e-008
3771	1.5932e-008
3772	1.5329e-008
3773	1.4742e-008
3774	1.4088e-008
3775	1.3988e-008
3776	1.2876e-008
3777	1.2763e-008
3778	1.2412e-008
3779	1.1648e-008
3780	1.1246e-008
3781	1.0853e-008
3782	1.0445e-008
3783	1.0016e-008
3784	9.7275e-009
3785	8.8727e-009
3786	8.9366e-009
3787	8.4487e-009
3788	8.0464e-009
3789	7.6766e-009
3790	7.4965e-009
3791	7.3479e-009
3792	6.8569e-009
3793	6.7575e-009
3794	7.4165e-009
3795	8.1426e-009
3796	1.1031e-008
3797	2.877e-008
3798	3.0489e-008
3799	3.0846e-008
3800	2.4902e-008
3801	6.6895e-009
3802	5.7383e-009
3803	6.4763e-009
3804	7.2755e-009
3805	7.6937e-009
3806	7.7598e-009
3807	7.6688e-009
3808	7.4865e-009
3809	7.5339e-009
3810	7.723e-009
3811	7.9641e-009
3812	8.2608e-009
3813	8.615e-009
3814	8.9758e-009
3815	9.3466e-009
3816	9.7235e-009
3817	1.0111e-008
3818	1.0513e-008
3819	1.0931e-008
3820	1.1361e-008
3821	1.1804e-008
3822	1.2261e-008
3823	1.2777e-008
3824	1.3271e-008
3825	1.3741e-008
3826	1.4365e-008
3827	1.4867e-008
3828	1.548e-008
3829	1.6076e-008
3830	1.6734e-008
3831	1.7379e-008
3832	1.805e-008
3833	1.8811e-008
3834	1.95e-008
3835	2.0291e-008
3836	2.1087e-008
3837	2.1931e-008
3838	2.2772e-008
3839	2.2807e-008
3840	2.2008e-008
3841	2.1209e-008
3842	2.0464e-008
3843	1.9659e-008
3844	1.9078e-008
3845	1.8276e-008
3846	1.7632e-008
3847	1.7042e-008
3848	1.6398e-008
3849	1.5772e-008
3850	1.5074e-008
3851	1.4951e-008
3852	1.3781e-008
3853	1.3643e-008
3854	1.3258e-008
3855	1.2452e-008
3856	1.2023e-008
3857	1.1597e-008
3858	1.1157e-008
3859	1.0698e-008
3860	1.0384e-008
3861	9.4842e-009
3862	9.5593e-009
3863	9.0395e-009
3864	8.6195e-009
3865	8.2216e-009
3866	8.0166e-009
3867	7.8455e-009
3868	7.3464e-009
3869	7.2243e-009
3870	7.8539e-009
3871	8.6236e-009
3872	1.1574e-008
3873	2.9219e-008
3874	3.1604e-008
3875	3.2038e-008
3876	2.5358e-008
3877	6.7087e-009
3878	5.6578e-009
3879	6.3489e-009
3880	7.1453e-009
3881	7.5622e-009
3882	7.6207e-009
3883	7.5208e-009
3884	7.3406e-009
3885	7.3823e-009
3886	7.5626e-009
3887	7.7977e-009
3888	8.0872e-009
3889	8.4333e-009
3890	8.7869e-009
3891	9.1503e-009
3892	9.5191e-009
3893	9.8992e-009
3894	1.0293e-008
3895	1.0702e-008
3896	1.1123e-008
3897	1.1558e-008
3898	1.2006e-008
3899	1.2509e-008
3900	1.2992e-008
3901	1.3454e-008
3902	1.4064e-008
3903	1.4559e-008
3904	1.5158e-008
3905	1.5742e-008
3906	1.6383e-008
3907	1.7015e-008
3908	1.7672e-008
3909	1.8413e-008
3910	1.9094e-008
3911	1.9866e-008
3912	2.0642e-008
3913	2.1466e-008
3914	2.2291e-008
3915	2.2326e-008
3916	2.1543e-008
3917	2.0761e-008
3918	2.0032e-008
3919	1.9246e-008
3920	1.8677e-008
3921	1.7893e-008
3922	1.726e-008
3923	1.6685e-008
3924	1.6046e-008
3925	1.5431e-008
3926	1.4744e-008
3927	1.4607e-008
3928	1.3478e-008
3929	1.3327e-008
3930	1.2944e-008
3931	1.217e-008
3932	1.1754e-008
3933	1.1338e-008
3934	1.0911e-008
3935	1.0468e-008
3936	1.0158e-008
3937	9.2814e-009
3938	9.3618e-009
3939	8.8476e-009
3940	8.4385e-009
3941	8.0457e-009
3942	7.8351e-009
3943	7.6629e-009
3944	7.192e-009
3945	7.0831e-009
3946	7.673e-009
3947	8.4473e-009
3948	1.154e-008
3949	2.8821e-008
3950	3.1264e-008
3951	3.1716e-008
3952	2.5297e-008
3953	6.7101e-009
3954	5.5523e-009
3955	6.0624e-009
3956	6.8025e-009
3957	7.1645e-009
3958	7.2212e-009
3959	7.1355e-009
3960	6.9394e-009
3961	6.9785e-009
3962	7.1585e-009
3963	7.3774e-009
3964	7.646e-009
3965	7.9729e-009
3966	8.3111e-009
3967	8.6585e-009
3968	9.0077e-009
3969	9.3677e-009
3970	9.7396e-009
3971	1.0125e-008
3972	1.0523e-008
3973	1.0934e-008
3974	1.1357e-008
3975	1.1838e-008
3976	1.2293e-008
3977	1.2724e-008
3978	1.3313e-008
3979	1.377e-008
3980	1.434e-008
3981	1.4891e-008
3982	1.5498e-008
3983	1.6098e-008
3984	1.6715e-008
3985	1.7422e-008
3986	1.806e-008
3987	1.8791e-008
3988	1.9525e-008
3989	2.0303e-008
3990	2.108e-008
3991	2.1114e-008
3992	2.0374e-008
3993	1.963e-008
3994	1.8946e-008
3995	1.8199e-008
3996	1.7668e-008
3997	1.6915e-008
3998	1.6333e-008
3999	1.5784e-008
4000	1.5195e-008
4001	1.4608e-008
4002	1.3954e-008
4003	1.3891e-008
4004	1.2734e-008
4005	1.2659e-008
4006	1.2321e-008
4007	1.1529e-008
4008	1.1125e-008
4009	1.074e-008
4010	1.0338e-008
4011	9.9098e-009
4012	9.6393e-009
4013	8.7837e-009
4014	8.8322e-009
4015	8.3631e-009
4016	7.9568e-009
4017	7.5958e-009
4018	7.4392e-009
4019	7.3065e-009
4020	6.7739e-009
4021	6.6578e-009
4022	7.3889e-009
4023	8.0797e-009
4024	1.0656e-008
4025	2.9154e-008
4026	3.026e-008
4027	3.064e-008
4028	2.4552e-008
4029	6.7087e-009
4030	5.6578e-009
4031	6.3489e-009
4032	7.1453e-009
4033	7.5622e-009
4034	7.6207e-009
4035	7.5208e-009
4036	7.3406e-009
4037	7.3823e-009
4038	7.5626e-009
4039	7.7977e-009
4040	8.0872e-009
4041	8.4333e-009
4042	8.7869e-009
4043	9.1503e-009
4044	9.5191e-009
4045	9.8992e-009
4046	1.0293e-008
4047	1.0702e-008
4048	1.1123e-008
4049	1.1558e-008
4050	1.2006e-008
4051	1.2509e-008
4052	1.2992e-008
4053	1.3454e-008
4054	1.4064e-008
4055	1.4559e-008
4056	1.5158e-008
4057	1.5742e-008
4058	1.6383e-008
4059	1.7015e-008
4060	1.7672e-008
4061	1.8413e-008
4062	1.9094e-008
4063	1.9866e-008
4064	2.0642e-008
4065	2.1466e-008
4066	2.2291e-008
4067	2.2326e-008
4068	2.1543e-008
4069	2.0761e-008
4070	2.0032e-008
4071	1.9246e-008
4072	1.8677e-008
4073	1.7893e-008
4074	1.726e-008
4075	1.6685e-008
4076	1.6046e-008
4077	1.5431e-008
4078	1.4744e-008
4079	1.4607e-008
4080	1.3478e-008
4081	1.3327e-008
4082	1.2944e-008
4083	1.217e-008
4084	1.1754e-008
4085	1.1338e-008
4086	1.0911e-008
4087	1.0468e-008
4088	1.0158e-008
4089	9.2814e-009
4090	9.3618e-009
4091	8.8476e-009
4092	8.4385e-009
4093	8.0457e-009
4094	7.8351e-009
4095	7.6629e-009
4096	7.192e-009
4097	7.0831e-009
4098	7.673e-009
4099	8.4473e-009
4100	1.154e-008
4101	2.8821e-008
4102	3.1264e-008
4103	3.1716e-008
4104	2.5297e-008
4105	6.6895e-009
4106	5.7383e-009
4107	6.4763e-009
4108	7.2755e-009
4109	7.6937e-009
4110	7.7598e-009
4111	7.6688e-009
4112	7.4865e-009
4113	7.5339e-009
4114	7.723e-009
4115	7.9641e-009
4116	8.2608e-009
4117	8.615e-009
4118	8.9758e-009
4119	9.3466e-009
4120	9.7235e-009
4121	1.0111e-008
4122	1.0513e-008
4123	1.0931e-008
4124	1.1361e-008
4125	1.1804e-008
4126	1.2261e-008
4127	1.2777e-008
4128	1.3271e-008
4129	1.3741e-008
4130	1.4365e-008
4131	1.4867e-008
4132	1.548e-008
4133	1.6076e-008
4134	1.6734e-008
4135	1.7379e-008
4136	1.805e-008
4137	1.8811e-008
4138	1.95e-008
4139	2.0291e-008
4140	2.1087e-008
4141	2.1931e-008
4142	2.2772e-008
4143	2.2807e-008
4144	2.2008e-008
4145	2.1209e-008
4146	2.0464e-008
4147	1.9659e-008
4148	1.9078e-008
4149	1.8276e-008
4150	1.7632e-008
4151	1.7042e-008
4152	1.6398e-008
4153	1.5772e-008
4154	1.5074e-008
4155	1.4951e-008
4156	1.3781e-008
4157	1.3643e-008
4158	1.3258e-008
4159	1.2452e-008
4160	1.2023e-008
4161	1.1597e-008
4162	1.1157e-008
4163	1.0698e-008
4164	1.0384e-008
4165	9.4842e-009
4166	9.5593e-009
4167	9.0395e-009
4168	8.6195e-009
4169	8.2216e-009
4170	8.0166e-009
4171	7.8455e-009
4172	7.3464e-009
4173	7.2243e-009
4174	7.8539e-009
4175	8.6236e-009
4176	1.1574e-008
4177	2.9219e-008
4178	3.1604e-008
4179	3.2038e-008
4180	2.5358e-008
4181	6.719e-009
4182	5.5232e-009
4183	6.0986e-009
4184	6.8628e-009
4185	7.2488e-009
4186	7.3022e-009
4187	7.2052e-009
4188	7.0149e-009
4189	7.0502e-009
4190	7.2252e-009
4191	7.4471e-009
4192	7.7232e-009
4193	8.0549e-009
4194	8.3931e-009
4195	8.7413e-009
4196	9.0928e-009
4197	9.4549e-009
4198	9.8312e-009
4199	1.0222e-008
4200	1.0624e-008
4201	1.1038e-008
4202	1.1466e-008
4203	1.1951e-008
4204	1.2411e-008
4205	1.2849e-008
4206	1.3437e-008
4207	1.3905e-008
4208	1.4478e-008
4209	1.5035e-008
4210	1.5651e-008
4211	1.6252e-008
4212	1.6878e-008
4213	1.759e-008
4214	1.8232e-008
4215	1.8973e-008
4216	1.9715e-008
4217	2.0505e-008
4218	2.1289e-008
4219	2.1322e-008
4220	2.0573e-008
4221	1.9827e-008
4222	1.9133e-008
4223	1.8376e-008
4224	1.7839e-008
4225	1.7087e-008
4226	1.6482e-008
4227	1.5932e-008
4228	1.5329e-008
4229	1.4742e-008
4230	1.4088e-008
4231	1.3988e-008
4232	1.2876e-008
4233	1.2763e-008
4234	1.2412e-008
4235	1.1648e-008
4236	1.1246e-008
4237	1.0853e-008
4238	1.0445e-008
4239	1.0016e-008
4240	9.7275e-009
4241	8.8727e-009
4242	8.9366e-009
4243	8.4487e-009
4244	8.0464e-009
4245	7.6766e-009
4246	7.4965e-009
4247	7.3479e-009
4248	6.8569e-009
4249	6.7575e-009
4250	7.4165e-009
4251	8.1426e-009
4252	1.1031e-008
4253	2.877e-008
4254	3.0489e-008
4255	3.0846e-008
4256	2.4902e-008
4257	6.7218e-009
4258	5.5257e-009
4259	6.1023e-009
4260	6.8664e-009
4261	7.2528e-009
4262	7.3065e-009
4263	7.2098e-009
4264	7.0203e-009
4265	7.0559e-009
4266	7.2307e-009
4267	7.4527e-009
4268	7.7283e-009
4269	8.06e-009
4270	8.3995e-009
4271	8.7481e-009
4272	9.0995e-009
4273	9.4625e-009
4274	9.839e-009
4275	1.023e-008
4276	1.0631e-008
4277	1.1047e-008
4278	1.1475e-008
4279	1.196e-008
4280	1.2421e-008
4281	1.2859e-008
4282	1.3446e-008
4283	1.3914e-008
4284	1.4489e-008
4285	1.5046e-008
4286	1.5659e-008
4287	1.6263e-008
4288	1.6892e-008
4289	1.7606e-008
4290	1.8252e-008
4291	1.8992e-008
4292	1.9735e-008
4293	2.0526e-008
4294	2.1313e-008
4295	2.1349e-008
4296	2.0596e-008
4297	1.9847e-008
4298	1.9154e-008
4299	1.8396e-008
4300	1.7856e-008
4301	1.7103e-008
4302	1.65e-008
4303	1.5947e-008
4304	1.5339e-008
4305	1.4748e-008
4306	1.4089e-008
4307	1.3983e-008
4308	1.2863e-008
4309	1.2745e-008
4310	1.239e-008
4311	1.1622e-008
4312	1.122e-008
4313	1.0828e-008
4314	1.0422e-008
4315	9.9991e-009
4316	9.7177e-009
4317	8.8695e-009
4318	8.9382e-009
4319	8.4537e-009
4320	8.0537e-009
4321	7.6843e-009
4322	7.502e-009
4323	7.3506e-009
4324	6.8565e-009
4325	6.7469e-009
4326	7.3984e-009
4327	8.1172e-009
4328	1.1011e-008
4329	2.8777e-008
4330	3.05e-008
4331	3.0855e-008
4332	2.4908e-008
4333	6.6903e-009
4334	5.7413e-009
4335	6.4756e-009
4336	7.2741e-009
4337	7.6925e-009
4338	7.7588e-009
4339	7.6679e-009
4340	7.4867e-009
4341	7.5343e-009
4342	7.7222e-009
4343	7.9625e-009
4344	8.2577e-009
4345	8.611e-009
4346	8.9734e-009
4347	9.3455e-009
4348	9.7222e-009
4349	1.0111e-008
4350	1.0512e-008
4351	1.0928e-008
4352	1.1359e-008
4353	1.1804e-008
4354	1.226e-008
4355	1.2776e-008
4356	1.3269e-008
4357	1.374e-008
4358	1.4365e-008
4359	1.4865e-008
4360	1.5479e-008
4361	1.6074e-008
4362	1.6728e-008
4363	1.7375e-008
4364	1.8044e-008
4365	1.8802e-008
4366	1.9495e-008
4367	2.0284e-008
4368	2.1077e-008
4369	2.1917e-008
4370	2.2758e-008
4371	2.2792e-008
4372	2.1991e-008
4373	2.1191e-008
4374	2.0451e-008
4375	1.9649e-008
4376	1.9069e-008
4377	1.8267e-008
4378	1.7628e-008
4379	1.7038e-008
4380	1.6397e-008
4381	1.5773e-008
4382	1.5076e-008
4383	1.4956e-008
4384	1.3788e-008
4385	1.3652e-008
4386	1.3266e-008
4387	1.2461e-008
4388	1.2031e-008
4389	1.1603e-008
4390	1.1161e-008
4391	1.0701e-008
4392	1.0385e-008
4393	9.4827e-009
4394	9.5544e-009
4395	9.0327e-009
4396	8.6115e-009
4397	8.2139e-009
4398	8.0105e-009
4399	7.8418e-009
4400	7.3469e-009
4401	7.231e-009
4402	7.8587e-009
4403	8.6348e-009
4404	1.1587e-008
4405	2.9211e-008
4406	3.16e-008
4407	3.2025e-008
4408	2.5351e-008
4409	6.7077e-009
4410	5.6574e-009
4411	6.3467e-009
4412	7.1431e-009
4413	7.5599e-009
4414	7.6182e-009
4415	7.5181e-009
4416	7.3375e-009
4417	7.3792e-009
4418	7.5594e-009
4419	7.7941e-009
4420	8.0837e-009
4421	8.4298e-009
4422	8.7831e-009
4423	9.1459e-009
4424	9.515e-009
4425	9.8951e-009
4426	1.0289e-008
4427	1.0698e-008
4428	1.1119e-008
4429	1.1553e-008
4430	1.2e-008
4431	1.2504e-008
4432	1.2986e-008
4433	1.3448e-008
4434	1.4058e-008
4435	1.4552e-008
4436	1.515e-008
4437	1.5735e-008
4438	1.6376e-008
4439	1.7009e-008
4440	1.7665e-008
4441	1.8403e-008
4442	1.9085e-008
4443	1.9858e-008
4444	2.0635e-008
4445	2.1459e-008
4446	2.2283e-008
4447	2.2316e-008
4448	2.1533e-008
4449	2.0752e-008
4450	2.0021e-008
4451	1.9236e-008
4452	1.8668e-008
4453	1.7883e-008
4454	1.7251e-008
4455	1.6677e-008
4456	1.6041e-008
4457	1.5428e-008
4458	1.4743e-008
4459	1.4609e-008
4460	1.3483e-008
4461	1.3335e-008
4462	1.2954e-008
4463	1.2181e-008
4464	1.1767e-008
4465	1.1351e-008
4466	1.0923e-008
4467	1.0479e-008
4468	1.0166e-008
4469	9.2864e-009
4470	9.3639e-009
4471	8.8481e-009
4472	8.4378e-009
4473	8.0447e-009
4474	7.8347e-009
4475	7.6634e-009
4476	7.1946e-009
4477	7.0901e-009
4478	7.6816e-009
4479	8.4599e-009
4480	1.1552e-008
4481	2.8818e-008
4482	3.1262e-008
4483	3.1711e-008
4484	2.5295e-008
4485	6.7106e-009
4486	5.5484e-009
4487	6.0643e-009
4488	6.8056e-009
4489	7.1678e-009
4490	7.2244e-009
4491	7.1386e-009
4492	6.9414e-009
4493	6.9796e-009
4494	7.1608e-009
4495	7.3811e-009
4496	7.6524e-009
4497	7.9801e-009
4498	8.3163e-009
4499	8.6617e-009
4500	9.0109e-009
4501	9.3716e-009
4502	9.7436e-009
4503	1.013e-008
4504	1.0529e-008
4505	1.0939e-008
4506	1.1362e-008
4507	1.1844e-008
4508	1.23e-008
4509	1.273e-008
4510	1.3317e-008
4511	1.3776e-008
4512	1.4345e-008
4513	1.4897e-008
4514	1.5506e-008
4515	1.6107e-008
4516	1.6726e-008
4517	1.7434e-008
4518	1.8071e-008
4519	1.8805e-008
4520	1.9542e-008
4521	2.0328e-008
4522	2.1103e-008
4523	2.1134e-008
4524	2.0397e-008
4525	1.9655e-008
4526	1.8964e-008
4527	1.8216e-008
4528	1.7686e-008
4529	1.693e-008
4530	1.6342e-008
4531	1.5791e-008
4532	1.5199e-008
4533	1.4607e-008
4534	1.3951e-008
4535	1.3885e-008
4536	1.2724e-008
4537	1.2646e-008
4538	1.2309e-008
4539	1.1513e-008
4540	1.111e-008
4541	1.0726e-008
4542	1.0324e-008
4543	9.8991e-009
4544	9.6328e-009
4545	8.7814e-009
4546	8.8343e-009
4547	8.368e-009
4548	7.9639e-009
4549	7.6036e-009
4550	7.4458e-009
4551	7.3108e-009
4552	6.7723e-009
4553	6.6459e-009
4554	7.3788e-009
4555	8.0586e-009
4556	1.0632e-008
4557	2.9168e-008
4558	3.0263e-008
4559	3.0655e-008
4560	2.456e-008
4561	6.704e-009
4562	5.6537e-009
4563	6.343e-009
4564	7.139e-009
4565	7.5556e-009
4566	7.6145e-009
4567	7.5145e-009
4568	7.3331e-009
4569	7.3738e-009
4570	7.5543e-009
4571	7.7895e-009
4572	8.081e-009
4573	8.4264e-009
4574	8.7785e-009
4575	9.1419e-009
4576	9.5088e-009
4577	9.8884e-009
4578	1.0282e-008
4579	1.069e-008
4580	1.1111e-008
4581	1.1547e-008
4582	1.1993e-008
4583	1.2495e-008
4584	1.2976e-008
4585	1.3439e-008
4586	1.4049e-008
4587	1.4544e-008
4588	1.5142e-008
4589	1.5725e-008
4590	1.6366e-008
4591	1.6996e-008
4592	1.7651e-008
4593	1.8391e-008
4594	1.9066e-008
4595	1.9842e-008
4596	2.0619e-008
4597	2.1443e-008
4598	2.2266e-008
4599	2.2298e-008
4600	2.1513e-008
4601	2.0736e-008
4602	2.0007e-008
4603	1.922e-008
4604	1.8655e-008
4605	1.7874e-008
4606	1.7237e-008
4607	1.6664e-008
4608	1.6031e-008
4609	1.5422e-008
4610	1.4744e-008
4611	1.4614e-008
4612	1.3491e-008
4613	1.3346e-008
4614	1.2968e-008
4615	1.2197e-008
4616	1.1783e-008
4617	1.1367e-008
4618	1.0937e-008
4619	1.0491e-008
4620	1.0175e-008
4621	9.2913e-009
4622	9.367e-009
4623	8.8481e-009
4624	8.4347e-009
4625	8.0402e-009
4626	7.8321e-009
4627	7.6635e-009
4628	7.1969e-009
4629	7.099e-009
4630	7.6966e-009
4631	8.4784e-009
4632	1.1565e-008
4633	2.8815e-008
4634	3.1255e-008
4635	3.1708e-008
4636	2.5295e-008
4637	6.6912e-009
4638	5.74e-009
4639	6.4788e-009
4640	7.2779e-009
4641	7.6963e-009
4642	7.7627e-009
4643	7.6722e-009
4644	7.4907e-009
4645	7.5378e-009
4646	7.7264e-009
4647	7.9676e-009
4648	8.2643e-009
4649	8.6179e-009
4650	8.9795e-009
4651	9.3512e-009
4652	9.7273e-009
4653	1.0116e-008
4654	1.0518e-008
4655	1.0936e-008
4656	1.1366e-008
4657	1.1811e-008
4658	1.2267e-008
4659	1.2784e-008
4660	1.3277e-008
4661	1.3748e-008
4662	1.4373e-008
4663	1.4874e-008
4664	1.5487e-008
4665	1.6084e-008
4666	1.6739e-008
4667	1.7385e-008
4668	1.8059e-008
4669	1.8819e-008
4670	1.9511e-008
4671	2.0302e-008
4672	2.1098e-008
4673	2.1943e-008
4674	2.2787e-008
4675	2.2823e-008
4676	2.2019e-008
4677	2.1219e-008
4678	2.0476e-008
4679	1.967e-008
4680	1.9089e-008
4681	1.8286e-008
4682	1.7643e-008
4683	1.7051e-008
4684	1.6405e-008
4685	1.5776e-008
4686	1.5074e-008
4687	1.4949e-008
4688	1.3774e-008
4689	1.3632e-008
4690	1.3244e-008
4691	1.2436e-008
4692	1.2007e-008
4693	1.158e-008
4694	1.1141e-008
4695	1.0687e-008
4696	1.0377e-008
4697	9.4808e-009
4698	9.5586e-009
4699	9.0411e-009
4700	8.6224e-009
4701	8.2248e-009
4702	8.0189e-009
4703	7.8466e-009
4704	7.3453e-009
4705	7.2171e-009
4706	7.8426e-009
4707	8.6077e-009
4708	1.1562e-008
4709	2.9223e-008
4710	3.1611e-008
4711	3.2044e-008
4712	2.5361e-008
4713	6.7219e-009
4714	5.5265e-009
4715	6.1e-009
4716	6.8644e-009
4717	7.251e-009
4718	7.3045e-009
4719	7.2072e-009
4720	7.0172e-009
4721	7.0527e-009
4722	7.2273e-009
4723	7.4491e-009
4724	7.7245e-009
4725	8.056e-009
4726	8.3951e-009
4727	8.7434e-009
4728	9.0959e-009
4729	9.4589e-009
4730	9.8348e-009
4731	1.0225e-008
4732	1.0628e-008
4733	1.1043e-008
4734	1.147e-008
4735	1.1956e-008
4736	1.2416e-008
4737	1.2854e-008
4738	1.344e-008
4739	1.3908e-008
4740	1.4482e-008
4741	1.504e-008
4742	1.5652e-008
4743	1.6257e-008
4744	1.6883e-008
4745	1.7591e-008
4746	1.824e-008
4747	1.8979e-008
4748	1.9722e-008
4749	2.051e-008
4750	2.1296e-008
4751	2.1325e-008
4752	2.0578e-008
4753	1.983e-008
4754	1.9135e-008
4755	1.8381e-008
4756	1.7843e-008
4757	1.7088e-008
4758	1.6487e-008
4759	1.5936e-008
4760	1.5333e-008
4761	1.4745e-008
4762	1.4088e-008
4763	1.3987e-008
4764	1.2874e-008
4765	1.276e-008
4766	1.2408e-008
4767	1.1642e-008
4768	1.124e-008
4769	1.0845e-008
4770	1.0437e-008
4771	1.0009e-008
4772	9.7214e-009
4773	8.8691e-009
4774	8.9329e-009
4775	8.4455e-009
4776	8.0441e-009
4777	7.6756e-009
4778	7.4957e-009
4779	7.3471e-009
4780	6.857e-009
4781	6.756e-009
4782	7.409e-009
4783	8.1358e-009
4784	1.1028e-008
4785	2.8766e-008
4786	3.049e-008
4787	3.0841e-008
4788	2.4898e-008
