
 PRINT REACTION SOLUTIONS PER NODE

 *** MAPDL - ENGINEERING ANALYSIS SYSTEM  RELEASE 2026 R1          26.1     ***
 Ansys Mechanical Enterprise Academic Student      
 01055371  VERSION=WINDOWS x64   15:14:30  SEP 27, 2026 Elapsed Time=     32.418

 S3_LC2_INTERMEDIATE--S3_LC2_Intermediate_Clamped_Pinned                       


 
  ***** POST1 TOTAL REACTION SOLUTION LISTING *****                            
 
  LOAD STEP=     1  SUBSTEP=     1                                             
   TIME=    1.0000      LOAD CASE=   0                                         
 
  THE FOLLOWING X,Y,Z SOLUTIONS ARE IN THE GLOBAL COORDINATE SYSTEM            
 
    NODE       FX           FY           FZ           MX           MY           MZ    
   18721 -0.34873E-025 0.28476E-009 -1258.1       0.0000       0.0000       0.0000     
   18722 -0.12796E-025 0.10449E-009 -1093.6       0.0000       0.0000       0.0000     
   18723  0.32231E-026-0.26319E-010 -933.62       0.0000       0.0000       0.0000     
   18724  0.14547E-025-0.11878E-009 -778.18       0.0000       0.0000       0.0000     
   18725 -0.16933E-001-0.96031E-001 -1258.0       0.0000       0.0000       0.0000     
   18726 -0.21752E-001-0.12336      -1093.5       0.0000       0.0000       0.0000     
   18727 -0.25893E-001-0.14685      -933.51       0.0000       0.0000       0.0000     
   18728 -0.26521E-001-0.15041      -778.07       0.0000       0.0000       0.0000     
   18729  0.33689E-001 0.92559E-001 -1258.0       0.0000       0.0000       0.0000     
   18730  0.43259E-001 0.11885      -1093.5       0.0000       0.0000       0.0000     
   18731  0.51657E-001 0.14193      -933.51       0.0000       0.0000       0.0000     
   18732  0.53298E-001 0.14643      -778.07       0.0000       0.0000       0.0000     
   18733  0.25592E-003 0.44328E-003 -1258.1       0.0000       0.0000       0.0000     
   18734  0.30521E-003 0.52864E-003 -1093.6       0.0000       0.0000       0.0000     
   18735  0.47497E-003 0.82267E-003 -933.61       0.0000       0.0000       0.0000     
   18736  0.75500E-003 0.13077E-002 -778.17       0.0000       0.0000       0.0000     
   18737 -0.62824E-001-0.74870E-001 -1258.0       0.0000       0.0000       0.0000     
   18738 -0.80706E-001-0.96182E-001 -1093.5       0.0000       0.0000       0.0000     
   18739 -0.96154E-001-0.11459      -933.50       0.0000       0.0000       0.0000     
   18740 -0.98647E-001-0.11756      -778.07       0.0000       0.0000       0.0000     
   18741  0.74870E-001 0.62824E-001 -1258.0       0.0000       0.0000       0.0000     
   18742  0.96182E-001 0.80706E-001 -1093.5       0.0000       0.0000       0.0000     
   18743  0.11459      0.96154E-001 -933.50       0.0000       0.0000       0.0000     
   18744  0.11756      0.98647E-001 -778.07       0.0000       0.0000       0.0000     
   18745 -0.44327E-003-0.25592E-003 -1258.1       0.0000       0.0000       0.0000     
   18746 -0.52864E-003-0.30521E-003 -1093.6       0.0000       0.0000       0.0000     
   18747 -0.82267E-003-0.47497E-003 -933.61       0.0000       0.0000       0.0000     
   18748 -0.13077E-002-0.75500E-003 -778.17       0.0000       0.0000       0.0000     
   18749 -0.92559E-001-0.33689E-001 -1258.0       0.0000       0.0000       0.0000     
   18750 -0.11885     -0.43259E-001 -1093.5       0.0000       0.0000       0.0000     
   18751 -0.14193     -0.51657E-001 -933.51       0.0000       0.0000       0.0000     
   18752 -0.14643     -0.53298E-001 -778.07       0.0000       0.0000       0.0000     
   18753  0.96031E-001 0.16933E-001 -1258.0       0.0000       0.0000       0.0000     
   18754  0.12336      0.21752E-001 -1093.5       0.0000       0.0000       0.0000     
   18755  0.14685      0.25893E-001 -933.51       0.0000       0.0000       0.0000     
   18756  0.15041      0.26521E-001 -778.07       0.0000       0.0000       0.0000     
   18757  0.37675E-009 0.64617E-024 -1258.1       0.0000       0.0000       0.0000     

 *** MAPDL - ENGINEERING ANALYSIS SYSTEM  RELEASE 2026 R1          26.1     ***
 Ansys Mechanical Enterprise Academic Student      
 01055371  VERSION=WINDOWS x64   15:14:30  SEP 27, 2026 Elapsed Time=     32.419

 S3_LC2_INTERMEDIATE--S3_LC2_Intermediate_Clamped_Pinned                       


 
  ***** POST1 TOTAL REACTION SOLUTION LISTING *****                            
 
  LOAD STEP=     1  SUBSTEP=     1                                             
   TIME=    1.0000      LOAD CASE=   0                                         
 
  THE FOLLOWING X,Y,Z SOLUTIONS ARE IN THE GLOBAL COORDINATE SYSTEM            
 
    NODE       FX           FY           FZ           MX           MY           MZ    
   18758  0.29129E-009 0.49959E-024 -1093.6       0.0000       0.0000       0.0000     
   18759  0.21993E-009 0.37722E-024 -933.62       0.0000       0.0000       0.0000     
   18760  0.15872E-009 0.27222E-024 -778.18       0.0000       0.0000       0.0000     
   18761 -0.96031E-001 0.16933E-001 -1258.0       0.0000       0.0000       0.0000     
   18762 -0.12336      0.21752E-001 -1093.5       0.0000       0.0000       0.0000     
   18763 -0.14685      0.25893E-001 -933.51       0.0000       0.0000       0.0000     
   18764 -0.15041      0.26521E-001 -778.07       0.0000       0.0000       0.0000     
   18765  0.92559E-001-0.33689E-001 -1258.0       0.0000       0.0000       0.0000     
   18766  0.11885     -0.43259E-001 -1093.5       0.0000       0.0000       0.0000     
   18767  0.14193     -0.51657E-001 -933.51       0.0000       0.0000       0.0000     
   18768  0.14643     -0.53298E-001 -778.07       0.0000       0.0000       0.0000     
   18769  0.44328E-003-0.25593E-003 -1258.1       0.0000       0.0000       0.0000     
   18770  0.52864E-003-0.30521E-003 -1093.6       0.0000       0.0000       0.0000     
   18771  0.82267E-003-0.47497E-003 -933.61       0.0000       0.0000       0.0000     
   18772  0.13077E-002-0.75500E-003 -778.17       0.0000       0.0000       0.0000     
   18773 -0.74870E-001 0.62824E-001 -1258.0       0.0000       0.0000       0.0000     
   18774 -0.96182E-001 0.80706E-001 -1093.5       0.0000       0.0000       0.0000     
   18775 -0.11459      0.96154E-001 -933.50       0.0000       0.0000       0.0000     
   18776 -0.11756      0.98647E-001 -778.07       0.0000       0.0000       0.0000     
   18777  0.62824E-001-0.74870E-001 -1258.0       0.0000       0.0000       0.0000     
   18778  0.80706E-001-0.96182E-001 -1093.5       0.0000       0.0000       0.0000     
   18779  0.96154E-001-0.11459      -933.50       0.0000       0.0000       0.0000     
   18780  0.98647E-001-0.11756      -778.07       0.0000       0.0000       0.0000     
   18781 -0.25592E-003 0.44327E-003 -1258.1       0.0000       0.0000       0.0000     
   18782 -0.30521E-003 0.52864E-003 -1093.6       0.0000       0.0000       0.0000     
   18783 -0.47497E-003 0.82267E-003 -933.61       0.0000       0.0000       0.0000     
   18784 -0.75500E-003 0.13077E-002 -778.17       0.0000       0.0000       0.0000     
   18785 -0.33689E-001 0.92559E-001 -1258.0       0.0000       0.0000       0.0000     
   18786 -0.43259E-001 0.11885      -1093.5       0.0000       0.0000       0.0000     
   18787 -0.51657E-001 0.14193      -933.51       0.0000       0.0000       0.0000     
   18788 -0.53298E-001 0.14643      -778.07       0.0000       0.0000       0.0000     
   18789  0.16933E-001-0.96031E-001 -1258.0       0.0000       0.0000       0.0000     
   18790  0.21752E-001-0.12336      -1093.5       0.0000       0.0000       0.0000     
   18791  0.25893E-001-0.14685      -933.51       0.0000       0.0000       0.0000     
   18792  0.26521E-001-0.15041      -778.07       0.0000       0.0000       0.0000     
   18793              -0.48554E-009 -1258.1     
   18794              -0.50639E-009 -1093.6     

 *** MAPDL - ENGINEERING ANALYSIS SYSTEM  RELEASE 2026 R1          26.1     ***
 Ansys Mechanical Enterprise Academic Student      
 01055371  VERSION=WINDOWS x64   15:14:30  SEP 27, 2026 Elapsed Time=     32.420

 S3_LC2_INTERMEDIATE--S3_LC2_Intermediate_Clamped_Pinned                       


 
  ***** POST1 TOTAL REACTION SOLUTION LISTING *****                            
 
  LOAD STEP=     1  SUBSTEP=     1                                             
   TIME=    1.0000      LOAD CASE=   0                                         
 
  THE FOLLOWING X,Y,Z SOLUTIONS ARE IN THE GLOBAL COORDINATE SYSTEM            
 
    NODE       FX           FY           FZ           MX           MY           MZ    
   18795              -0.50580E-009 -933.62     
   18796              -0.48068E-009 -778.18     
   18797  0.16933E-001 0.96031E-001 -1258.0       0.0000       0.0000       0.0000     
   18798  0.21752E-001 0.12336      -1093.5       0.0000       0.0000       0.0000     
   18799  0.25893E-001 0.14685      -933.51       0.0000       0.0000       0.0000     
   18800  0.26521E-001 0.15041      -778.07       0.0000       0.0000       0.0000     
   18801 -0.33689E-001-0.92559E-001 -1258.0       0.0000       0.0000       0.0000     
   18802 -0.43259E-001-0.11885      -1093.5       0.0000       0.0000       0.0000     
   18803 -0.51657E-001-0.14193      -933.51       0.0000       0.0000       0.0000     
   18804 -0.53298E-001-0.14643      -778.07       0.0000       0.0000       0.0000     
   18805 -0.25593E-003-0.44328E-003 -1258.1       0.0000       0.0000       0.0000     
   18806 -0.30521E-003-0.52864E-003 -1093.6       0.0000       0.0000       0.0000     
   18807 -0.47497E-003-0.82267E-003 -933.61       0.0000       0.0000       0.0000     
   18808 -0.75500E-003-0.13077E-002 -778.17       0.0000       0.0000       0.0000     
   18809  0.62824E-001 0.74870E-001 -1258.0       0.0000       0.0000       0.0000     
   18810  0.80706E-001 0.96182E-001 -1093.5       0.0000       0.0000       0.0000     
   18811  0.96154E-001 0.11459      -933.50       0.0000       0.0000       0.0000     
   18812  0.98647E-001 0.11756      -778.07       0.0000       0.0000       0.0000     
   18813 -0.74870E-001-0.62824E-001 -1258.0       0.0000       0.0000       0.0000     
   18814 -0.96182E-001-0.80706E-001 -1093.5       0.0000       0.0000       0.0000     
   18815 -0.11459     -0.96154E-001 -933.50       0.0000       0.0000       0.0000     
   18816 -0.11756     -0.98647E-001 -778.07       0.0000       0.0000       0.0000     
   18817  0.44327E-003 0.25592E-003 -1258.1       0.0000       0.0000       0.0000     
   18818  0.52864E-003 0.30521E-003 -1093.6       0.0000       0.0000       0.0000     
   18819  0.82267E-003 0.47497E-003 -933.61       0.0000       0.0000       0.0000     
   18820  0.13077E-002 0.75500E-003 -778.17       0.0000       0.0000       0.0000     
   18821  0.92559E-001 0.33689E-001 -1258.0       0.0000       0.0000       0.0000     
   18822  0.11885      0.43259E-001 -1093.5       0.0000       0.0000       0.0000     
   18823  0.14193      0.51657E-001 -933.51       0.0000       0.0000       0.0000     
   18824  0.14643      0.53298E-001 -778.07       0.0000       0.0000       0.0000     
   18825 -0.96031E-001-0.16933E-001 -1258.0       0.0000       0.0000       0.0000     
   18826 -0.12336     -0.21752E-001 -1093.5       0.0000       0.0000       0.0000     
   18827 -0.14685     -0.25893E-001 -933.51       0.0000       0.0000       0.0000     
   18828 -0.15041     -0.26521E-001 -778.07       0.0000       0.0000       0.0000     
   18829 -0.39444E-009-0.24152E-025 -1258.1       0.0000       0.0000       0.0000     
   18830 -0.31980E-009-0.19582E-025 -1093.6       0.0000       0.0000       0.0000     
   18831 -0.25925E-009-0.15874E-025 -933.62       0.0000       0.0000       0.0000     

 *** MAPDL - ENGINEERING ANALYSIS SYSTEM  RELEASE 2026 R1          26.1     ***
 Ansys Mechanical Enterprise Academic Student      
 01055371  VERSION=WINDOWS x64   15:14:30  SEP 27, 2026 Elapsed Time=     32.421

 S3_LC2_INTERMEDIATE--S3_LC2_Intermediate_Clamped_Pinned                       


 
  ***** POST1 TOTAL REACTION SOLUTION LISTING *****                            
 
  LOAD STEP=     1  SUBSTEP=     1                                             
   TIME=    1.0000      LOAD CASE=   0                                         
 
  THE FOLLOWING X,Y,Z SOLUTIONS ARE IN THE GLOBAL COORDINATE SYSTEM            
 
    NODE       FX           FY           FZ           MX           MY           MZ    
   18832 -0.20364E-009-0.12469E-025 -778.18       0.0000       0.0000       0.0000     
   18833  0.96031E-001-0.16933E-001 -1258.0       0.0000       0.0000       0.0000     
   18834  0.12336     -0.21752E-001 -1093.5       0.0000       0.0000       0.0000     
   18835  0.14685     -0.25893E-001 -933.51       0.0000       0.0000       0.0000     
   18836  0.15041     -0.26521E-001 -778.07       0.0000       0.0000       0.0000     
   18837 -0.92559E-001 0.33689E-001 -1258.0       0.0000       0.0000       0.0000     
   18838 -0.11885      0.43259E-001 -1093.5       0.0000       0.0000       0.0000     
   18839 -0.14193      0.51657E-001 -933.51       0.0000       0.0000       0.0000     
   18840 -0.14643      0.53298E-001 -778.07       0.0000       0.0000       0.0000     
   18841 -0.44328E-003 0.25592E-003 -1258.1       0.0000       0.0000       0.0000     
   18842 -0.52864E-003 0.30521E-003 -1093.6       0.0000       0.0000       0.0000     
   18843 -0.82267E-003 0.47497E-003 -933.61       0.0000       0.0000       0.0000     
   18844 -0.13077E-002 0.75500E-003 -778.17       0.0000       0.0000       0.0000     
   18845  0.74870E-001-0.62824E-001 -1258.0       0.0000       0.0000       0.0000     
   18846  0.96182E-001-0.80706E-001 -1093.5       0.0000       0.0000       0.0000     
   18847  0.11459     -0.96154E-001 -933.50       0.0000       0.0000       0.0000     
   18848  0.11756     -0.98647E-001 -778.07       0.0000       0.0000       0.0000     
   18849 -0.62824E-001 0.74870E-001 -1258.0       0.0000       0.0000       0.0000     
   18850 -0.80706E-001 0.96182E-001 -1093.5       0.0000       0.0000       0.0000     
   18851 -0.96154E-001 0.11459      -933.50       0.0000       0.0000       0.0000     
   18852 -0.98647E-001 0.11756      -778.07       0.0000       0.0000       0.0000     
   18853  0.25592E-003-0.44327E-003 -1258.1       0.0000       0.0000       0.0000     
   18854  0.30521E-003-0.52864E-003 -1093.6       0.0000       0.0000       0.0000     
   18855  0.47497E-003-0.82267E-003 -933.61       0.0000       0.0000       0.0000     
   18856  0.75500E-003-0.13077E-002 -778.17       0.0000       0.0000       0.0000     
   18857  0.33689E-001-0.92559E-001 -1258.0       0.0000       0.0000       0.0000     
   18858  0.43259E-001-0.11885      -1093.5       0.0000       0.0000       0.0000     
   18859  0.51657E-001-0.14193      -933.51       0.0000       0.0000       0.0000     
   18860  0.53298E-001-0.14643      -778.07       0.0000       0.0000       0.0000     
   18861 -0.16933E-001 0.96031E-001 -1258.0       0.0000       0.0000       0.0000     
   18862 -0.21752E-001 0.12336      -1093.5       0.0000       0.0000       0.0000     
   18863 -0.25893E-001 0.14685      -933.51       0.0000       0.0000       0.0000     
   18864 -0.26521E-001 0.15041      -778.07       0.0000       0.0000       0.0000     
   18865 -0.87612E-002 0.49688E-001 -656.10       0.0000       0.0000       0.0000     
   18866  0.17349E-001-0.47666E-001 -656.10       0.0000       0.0000       0.0000     
   18867  0.68981E-004-0.11948E-003 -656.13       0.0000       0.0000       0.0000     
   18868 -0.32475E-001 0.38702E-001 -656.10       0.0000       0.0000       0.0000     

 *** MAPDL - ENGINEERING ANALYSIS SYSTEM  RELEASE 2026 R1          26.1     ***
 Ansys Mechanical Enterprise Academic Student      
 01055371  VERSION=WINDOWS x64   15:14:30  SEP 27, 2026 Elapsed Time=     32.421

 S3_LC2_INTERMEDIATE--S3_LC2_Intermediate_Clamped_Pinned                       


 
  ***** POST1 TOTAL REACTION SOLUTION LISTING *****                            
 
  LOAD STEP=     1  SUBSTEP=     1                                             
   TIME=    1.0000      LOAD CASE=   0                                         
 
  THE FOLLOWING X,Y,Z SOLUTIONS ARE IN THE GLOBAL COORDINATE SYSTEM            
 
    NODE       FX           FY           FZ           MX           MY           MZ    
   18869  0.38702E-001-0.32475E-001 -656.10       0.0000       0.0000       0.0000     
   18870 -0.11948E-003 0.68982E-004 -656.13       0.0000       0.0000       0.0000     
   18871 -0.47666E-001 0.17349E-001 -656.10       0.0000       0.0000       0.0000     
   18872  0.49688E-001-0.87612E-002 -656.10       0.0000       0.0000       0.0000     
   18873 -0.21304E-009-0.13045E-025 -656.13       0.0000       0.0000       0.0000     
   18874 -0.49688E-001-0.87612E-002 -656.10       0.0000       0.0000       0.0000     
   18875  0.47666E-001 0.17349E-001 -656.10       0.0000       0.0000       0.0000     
   18876  0.11948E-003 0.68981E-004 -656.13       0.0000       0.0000       0.0000     
   18877 -0.38702E-001-0.32475E-001 -656.10       0.0000       0.0000       0.0000     
   18878  0.32475E-001 0.38702E-001 -656.10       0.0000       0.0000       0.0000     
   18879 -0.68982E-004-0.11948E-003 -656.13       0.0000       0.0000       0.0000     
   18880 -0.17349E-001-0.47666E-001 -656.10       0.0000       0.0000       0.0000     
   18881  0.87612E-002 0.49688E-001 -656.10       0.0000       0.0000       0.0000     
   18882              -0.30744E-009 -656.13     
   18883  0.87612E-002-0.49688E-001 -656.10       0.0000       0.0000       0.0000     
   18884 -0.17349E-001 0.47666E-001 -656.10       0.0000       0.0000       0.0000     
   18885 -0.68981E-004 0.11948E-003 -656.13       0.0000       0.0000       0.0000     
   18886  0.32475E-001-0.38702E-001 -656.10       0.0000       0.0000       0.0000     
   18887 -0.38702E-001 0.32475E-001 -656.10       0.0000       0.0000       0.0000     
   18888  0.11948E-003-0.68982E-004 -656.13       0.0000       0.0000       0.0000     
   18889  0.47666E-001-0.17349E-001 -656.10       0.0000       0.0000       0.0000     
   18890 -0.49688E-001 0.87612E-002 -656.10       0.0000       0.0000       0.0000     
   18891  0.19475E-009 0.33401E-024 -656.13       0.0000       0.0000       0.0000     
   18892  0.49688E-001 0.87612E-002 -656.10       0.0000       0.0000       0.0000     
   18893 -0.47666E-001-0.17349E-001 -656.10       0.0000       0.0000       0.0000     
   18894 -0.11948E-003-0.68981E-004 -656.13       0.0000       0.0000       0.0000     
   18895  0.38702E-001 0.32475E-001 -656.10       0.0000       0.0000       0.0000     
   18896 -0.32475E-001-0.38702E-001 -656.10       0.0000       0.0000       0.0000     
   18897  0.68982E-004 0.11948E-003 -656.13       0.0000       0.0000       0.0000     
   18898  0.17349E-001 0.47666E-001 -656.10       0.0000       0.0000       0.0000     
   18899 -0.13274E-025 0.10839E-009 -656.13       0.0000       0.0000       0.0000     
   18900 -0.87612E-002-0.49688E-001 -656.10       0.0000       0.0000       0.0000     
   18901 -0.12899E-001 0.73151E-001 -362.62       0.0000       0.0000       0.0000     
   18902  0.25789E-001-0.70855E-001 -362.62       0.0000       0.0000       0.0000     
   18903  0.27670E-003-0.47927E-003 -362.66       0.0000       0.0000       0.0000     
   18904 -0.47927E-001 0.57117E-001 -362.62       0.0000       0.0000       0.0000     
   18905  0.57117E-001-0.47927E-001 -362.62       0.0000       0.0000       0.0000     

 *** MAPDL - ENGINEERING ANALYSIS SYSTEM  RELEASE 2026 R1          26.1     ***
 Ansys Mechanical Enterprise Academic Student      
 01055371  VERSION=WINDOWS x64   15:14:30  SEP 27, 2026 Elapsed Time=     32.422

 S3_LC2_INTERMEDIATE--S3_LC2_Intermediate_Clamped_Pinned                       


 
  ***** POST1 TOTAL REACTION SOLUTION LISTING *****                            
 
  LOAD STEP=     1  SUBSTEP=     1                                             
   TIME=    1.0000      LOAD CASE=   0                                         
 
  THE FOLLOWING X,Y,Z SOLUTIONS ARE IN THE GLOBAL COORDINATE SYSTEM            
 
    NODE       FX           FY           FZ           MX           MY           MZ    
   18906 -0.47927E-003 0.27670E-003 -362.66       0.0000       0.0000       0.0000     
   18907 -0.70855E-001 0.25789E-001 -362.62       0.0000       0.0000       0.0000     
   18908  0.73151E-001-0.12899E-001 -362.62       0.0000       0.0000       0.0000     
   18909 -0.86457E-010-0.52940E-026 -362.66       0.0000       0.0000       0.0000     
   18910 -0.73151E-001-0.12899E-001 -362.62       0.0000       0.0000       0.0000     
   18911  0.70855E-001 0.25789E-001 -362.62       0.0000       0.0000       0.0000     
   18912  0.47927E-003 0.27670E-003 -362.66       0.0000       0.0000       0.0000     
   18913 -0.57117E-001-0.47927E-001 -362.62       0.0000       0.0000       0.0000     
   18914  0.47927E-001 0.57117E-001 -362.62       0.0000       0.0000       0.0000     
   18915 -0.27670E-003-0.47927E-003 -362.66       0.0000       0.0000       0.0000     
   18916 -0.25789E-001-0.70855E-001 -362.62       0.0000       0.0000       0.0000     
   18917  0.12899E-001 0.73151E-001 -362.62       0.0000       0.0000       0.0000     
   18918              -0.19749E-009 -362.66     
   18919  0.12899E-001-0.73151E-001 -362.62       0.0000       0.0000       0.0000     
   18920 -0.25789E-001 0.70855E-001 -362.62       0.0000       0.0000       0.0000     
   18921 -0.27670E-003 0.47927E-003 -362.66       0.0000       0.0000       0.0000     
   18922  0.47927E-001-0.57117E-001 -362.62       0.0000       0.0000       0.0000     
   18923 -0.57117E-001 0.47927E-001 -362.62       0.0000       0.0000       0.0000     
   18924  0.47927E-003-0.27670E-003 -362.66       0.0000       0.0000       0.0000     
   18925  0.70855E-001-0.25789E-001 -362.62       0.0000       0.0000       0.0000     
   18926 -0.73151E-001 0.12899E-001 -362.62       0.0000       0.0000       0.0000     
   18927  0.72845E-010 0.12494E-024 -362.66       0.0000       0.0000       0.0000     
   18928  0.73151E-001 0.12899E-001 -362.62       0.0000       0.0000       0.0000     
   18929 -0.70855E-001-0.25789E-001 -362.62       0.0000       0.0000       0.0000     
   18930 -0.47927E-003-0.27670E-003 -362.66       0.0000       0.0000       0.0000     
   18931  0.57117E-001 0.47927E-001 -362.62       0.0000       0.0000       0.0000     
   18932 -0.47927E-001-0.57117E-001 -362.62       0.0000       0.0000       0.0000     
   18933  0.27670E-003 0.47927E-003 -362.66       0.0000       0.0000       0.0000     
   18934  0.25789E-001 0.70855E-001 -362.62       0.0000       0.0000       0.0000     
   18935  0.51644E-026-0.42171E-010 -362.66       0.0000       0.0000       0.0000     
   18936 -0.12899E-001-0.73151E-001 -362.62       0.0000       0.0000       0.0000     
   89137  0.41270E-025-0.33700E-009  2348.2       0.0000       0.0000       0.0000     
   89138  0.11116E-001 0.12706       2514.3       0.0000       0.0000       0.0000     
   89139  0.11116E-001-0.12706       2514.3       0.0000       0.0000       0.0000     
   89140  0.99183E-025-0.80989E-009  2682.0       0.0000       0.0000       0.0000     
   89141  0.66125E-026-0.53995E-010  2024.2       0.0000       0.0000       0.0000     
   89142  0.15827E-001 0.18091       2185.4       0.0000       0.0000       0.0000     

 *** MAPDL - ENGINEERING ANALYSIS SYSTEM  RELEASE 2026 R1          26.1     ***
 Ansys Mechanical Enterprise Academic Student      
 01055371  VERSION=WINDOWS x64   15:14:30  SEP 27, 2026 Elapsed Time=     32.423

 S3_LC2_INTERMEDIATE--S3_LC2_Intermediate_Clamped_Pinned                       


 
  ***** POST1 TOTAL REACTION SOLUTION LISTING *****                            
 
  LOAD STEP=     1  SUBSTEP=     1                                             
   TIME=    1.0000      LOAD CASE=   0                                         
 
  THE FOLLOWING X,Y,Z SOLUTIONS ARE IN THE GLOBAL COORDINATE SYSTEM            
 
    NODE       FX           FY           FZ           MX           MY           MZ    
   89143  0.15827E-001-0.18091       2185.4       0.0000       0.0000       0.0000     
   89144 -0.19947E-025 0.16288E-009  1708.7       0.0000       0.0000       0.0000     
   89145  0.19242E-001 0.21993       1865.9       0.0000       0.0000       0.0000     
   89146  0.19242E-001-0.21993       1865.9       0.0000       0.0000       0.0000     
   89147  0.20529E-001 0.23465       1554.1       0.0000       0.0000       0.0000     
   89148  0.20529E-001-0.23465       1554.1       0.0000       0.0000       0.0000     
   89149 -0.42565E-025 0.34757E-009  1401.5       0.0000       0.0000       0.0000     
   89150 -0.13004E-001-0.73752E-001  2348.2       0.0000       0.0000       0.0000     
   89151 -0.28740E-003-0.10726E-002  2514.1       0.0000       0.0000       0.0000     
   89152 -0.84339E-002-0.47831E-001  2682.0       0.0000       0.0000       0.0000     
   89153 -0.13789E-001-0.78203E-001  2024.2       0.0000       0.0000       0.0000     
   89154 -0.34119E-003-0.12733E-002  2185.2       0.0000       0.0000       0.0000     
   89155 -0.15008E-001-0.85112E-001  1708.8       0.0000       0.0000       0.0000     
   89156 -0.52554E-003-0.19613E-002  1865.7       0.0000       0.0000       0.0000     
   89157 -0.95672E-003-0.35705E-002  1553.9       0.0000       0.0000       0.0000     
   89158 -0.84792E-002-0.48088E-001  1401.5       0.0000       0.0000       0.0000     
   89159  0.24922E-001 0.68473E-001  2348.2       0.0000       0.0000       0.0000     
   89160 -0.54652E-001-0.11720       2514.3       0.0000       0.0000       0.0000     
   89161  0.15904E-001 0.43696E-001  2682.0       0.0000       0.0000       0.0000     
   89162  0.26184E-001 0.71940E-001  2024.2       0.0000       0.0000       0.0000     
   89163 -0.77636E-001-0.16649       2185.4       0.0000       0.0000       0.0000     
   89164  0.27983E-001 0.76883E-001  1708.7       0.0000       0.0000       0.0000     
   89165 -0.94647E-001-0.20297       1865.9       0.0000       0.0000       0.0000     
   89166 -0.10194     -0.21860       1554.1       0.0000       0.0000       0.0000     
   89167  0.14104E-001 0.38750E-001  1401.5       0.0000       0.0000       0.0000     
   89168 -0.53310E-003-0.92336E-003  2348.2       0.0000       0.0000       0.0000     
   89169  0.72973E-001 0.10422       2514.3       0.0000       0.0000       0.0000     
   89170 -0.56521E-003-0.97897E-003  2682.0       0.0000       0.0000       0.0000     
   89171 -0.73762E-003-0.12776E-002  2024.2       0.0000       0.0000       0.0000     
   89172  0.10398      0.14850       2185.4       0.0000       0.0000       0.0000     
   89173 -0.11770E-002-0.20386E-002  1708.7       0.0000       0.0000       0.0000     
   89174  0.12636      0.18046       1865.9       0.0000       0.0000       0.0000     
   89175  0.13467      0.19233       1554.1       0.0000       0.0000       0.0000     
   89176 -0.19370E-002-0.33550E-002  1401.4       0.0000       0.0000       0.0000     
   89177 -0.47921E-001-0.57110E-001  2348.2       0.0000       0.0000       0.0000     
   89178 -0.43314E-009-0.43314E-009  2514.1       0.0000       0.0000       0.0000     
   89179 -0.30997E-001-0.36941E-001  2682.0       0.0000       0.0000       0.0000     

 *** MAPDL - ENGINEERING ANALYSIS SYSTEM  RELEASE 2026 R1          26.1     ***
 Ansys Mechanical Enterprise Academic Student      
 01055371  VERSION=WINDOWS x64   15:14:30  SEP 27, 2026 Elapsed Time=     32.423

 S3_LC2_INTERMEDIATE--S3_LC2_Intermediate_Clamped_Pinned                       


 
  ***** POST1 TOTAL REACTION SOLUTION LISTING *****                            
 
  LOAD STEP=     1  SUBSTEP=     1                                             
   TIME=    1.0000      LOAD CASE=   0                                         
 
  THE FOLLOWING X,Y,Z SOLUTIONS ARE IN THE GLOBAL COORDINATE SYSTEM            
 
    NODE       FX           FY           FZ           MX           MY           MZ    
   89180 -0.50714E-001-0.60438E-001  2024.2       0.0000       0.0000       0.0000     
   89181 -0.17946E-009-0.17946E-009  2185.2       0.0000       0.0000       0.0000     
   89182 -0.54984E-001-0.65528E-001  1708.7       0.0000       0.0000       0.0000     
   89183 -0.27797E-010-0.27797E-010  1865.7       0.0000       0.0000       0.0000     
   89184  0.11331E-009 0.11331E-009  1553.9       0.0000       0.0000       0.0000     
   89185 -0.30400E-001-0.36230E-001  1401.5       0.0000       0.0000       0.0000     
   89186  0.57110E-001 0.47921E-001  2348.2       0.0000       0.0000       0.0000     
   89187 -0.10422     -0.72973E-001  2514.3       0.0000       0.0000       0.0000     
   89188  0.36941E-001 0.30997E-001  2682.0       0.0000       0.0000       0.0000     
   89189  0.60438E-001 0.50714E-001  2024.2       0.0000       0.0000       0.0000     
   89190 -0.14850     -0.10398       2185.4       0.0000       0.0000       0.0000     
   89191  0.65528E-001 0.54984E-001  1708.7       0.0000       0.0000       0.0000     
   89192 -0.18046     -0.12636       1865.9       0.0000       0.0000       0.0000     
   89193 -0.19233     -0.13467       1554.1       0.0000       0.0000       0.0000     
   89194  0.36230E-001 0.30400E-001  1401.5       0.0000       0.0000       0.0000     
   89195  0.92335E-003 0.53310E-003  2348.2       0.0000       0.0000       0.0000     
   89196  0.11720      0.54652E-001  2514.3       0.0000       0.0000       0.0000     
   89197  0.97897E-003 0.56521E-003  2682.0       0.0000       0.0000       0.0000     
   89198  0.12776E-002 0.73762E-003  2024.2       0.0000       0.0000       0.0000     
   89199  0.16649      0.77636E-001  2185.4       0.0000       0.0000       0.0000     
   89200  0.20386E-002 0.11770E-002  1708.7       0.0000       0.0000       0.0000     
   89201  0.20297      0.94647E-001  1865.9       0.0000       0.0000       0.0000     
   89202  0.21860      0.10194       1554.1       0.0000       0.0000       0.0000     
   89203  0.33550E-002 0.19370E-002  1401.4       0.0000       0.0000       0.0000     
   89204 -0.68473E-001-0.24922E-001  2348.2       0.0000       0.0000       0.0000     
   89205  0.10726E-002 0.28740E-003  2514.1       0.0000       0.0000       0.0000     
   89206 -0.43696E-001-0.15904E-001  2682.0       0.0000       0.0000       0.0000     
   89207 -0.71940E-001-0.26184E-001  2024.2       0.0000       0.0000       0.0000     
   89208  0.12733E-002 0.34119E-003  2185.2       0.0000       0.0000       0.0000     
   89209 -0.76883E-001-0.27983E-001  1708.7       0.0000       0.0000       0.0000     
   89210  0.19613E-002 0.52554E-003  1865.7       0.0000       0.0000       0.0000     
   89211  0.35705E-002 0.95672E-003  1553.9       0.0000       0.0000       0.0000     
   89212 -0.38750E-001-0.14104E-001  1401.5       0.0000       0.0000       0.0000     
   89213  0.73752E-001 0.13004E-001  2348.2       0.0000       0.0000       0.0000     
   89214 -0.12706     -0.11116E-001  2514.3       0.0000       0.0000       0.0000     
   89215  0.47831E-001 0.84339E-002  2682.0       0.0000       0.0000       0.0000     
   89216  0.78203E-001 0.13789E-001  2024.2       0.0000       0.0000       0.0000     

 *** MAPDL - ENGINEERING ANALYSIS SYSTEM  RELEASE 2026 R1          26.1     ***
 Ansys Mechanical Enterprise Academic Student      
 01055371  VERSION=WINDOWS x64   15:14:30  SEP 27, 2026 Elapsed Time=     32.424

 S3_LC2_INTERMEDIATE--S3_LC2_Intermediate_Clamped_Pinned                       


 
  ***** POST1 TOTAL REACTION SOLUTION LISTING *****                            
 
  LOAD STEP=     1  SUBSTEP=     1                                             
   TIME=    1.0000      LOAD CASE=   0                                         
 
  THE FOLLOWING X,Y,Z SOLUTIONS ARE IN THE GLOBAL COORDINATE SYSTEM            
 
    NODE       FX           FY           FZ           MX           MY           MZ    
   89217 -0.18091     -0.15827E-001  2185.4       0.0000       0.0000       0.0000     
   89218  0.85112E-001 0.15008E-001  1708.8       0.0000       0.0000       0.0000     
   89219 -0.21993     -0.19242E-001  1865.9       0.0000       0.0000       0.0000     
   89220 -0.23465     -0.20529E-001  1554.1       0.0000       0.0000       0.0000     
   89221  0.48088E-001 0.84792E-002  1401.5       0.0000       0.0000       0.0000     
   89222 -0.61409E-009-0.10532E-023  2348.2       0.0000       0.0000       0.0000     
   89223  0.12706     -0.11116E-001  2514.3       0.0000       0.0000       0.0000     
   89224 -0.80804E-009-0.13859E-023  2682.0       0.0000       0.0000       0.0000     
   89225 -0.45365E-009-0.77807E-024  2024.2       0.0000       0.0000       0.0000     
   89226  0.18091     -0.15827E-001  2185.4       0.0000       0.0000       0.0000     
   89227 -0.31553E-009-0.54117E-024  1708.7       0.0000       0.0000       0.0000     
   89228  0.21993     -0.19242E-001  1865.9       0.0000       0.0000       0.0000     
   89229  0.23465     -0.20529E-001  1554.1       0.0000       0.0000       0.0000     
   89230 -0.20324E-009-0.34859E-024  1401.5       0.0000       0.0000       0.0000     
   89231 -0.73752E-001 0.13004E-001  2348.2       0.0000       0.0000       0.0000     
   89232 -0.10726E-002 0.28740E-003  2514.1       0.0000       0.0000       0.0000     
   89233 -0.47831E-001 0.84339E-002  2682.0       0.0000       0.0000       0.0000     
   89234 -0.78203E-001 0.13789E-001  2024.2       0.0000       0.0000       0.0000     
   89235 -0.12733E-002 0.34119E-003  2185.2       0.0000       0.0000       0.0000     
   89236 -0.85112E-001 0.15008E-001  1708.8       0.0000       0.0000       0.0000     
   89237 -0.19613E-002 0.52554E-003  1865.7       0.0000       0.0000       0.0000     
   89238 -0.35705E-002 0.95672E-003  1553.9       0.0000       0.0000       0.0000     
   89239 -0.48088E-001 0.84792E-002  1401.5       0.0000       0.0000       0.0000     
   89240  0.68473E-001-0.24922E-001  2348.2       0.0000       0.0000       0.0000     
   89241 -0.11720      0.54652E-001  2514.3       0.0000       0.0000       0.0000     
   89242  0.43696E-001-0.15904E-001  2682.0       0.0000       0.0000       0.0000     
   89243  0.71940E-001-0.26184E-001  2024.2       0.0000       0.0000       0.0000     
   89244 -0.16649      0.77636E-001  2185.4       0.0000       0.0000       0.0000     
   89245  0.76883E-001-0.27983E-001  1708.7       0.0000       0.0000       0.0000     
   89246 -0.20297      0.94647E-001  1865.9       0.0000       0.0000       0.0000     
   89247 -0.21860      0.10194       1554.1       0.0000       0.0000       0.0000     
   89248  0.38750E-001-0.14104E-001  1401.5       0.0000       0.0000       0.0000     
   89249 -0.92336E-003 0.53310E-003  2348.2       0.0000       0.0000       0.0000     
   89250  0.10422     -0.72973E-001  2514.3       0.0000       0.0000       0.0000     
   89251 -0.97897E-003 0.56521E-003  2682.0       0.0000       0.0000       0.0000     
   89252 -0.12776E-002 0.73762E-003  2024.2       0.0000       0.0000       0.0000     
   89253  0.14850     -0.10398       2185.4       0.0000       0.0000       0.0000     

 *** MAPDL - ENGINEERING ANALYSIS SYSTEM  RELEASE 2026 R1          26.1     ***
 Ansys Mechanical Enterprise Academic Student      
 01055371  VERSION=WINDOWS x64   15:14:30  SEP 27, 2026 Elapsed Time=     32.425

 S3_LC2_INTERMEDIATE--S3_LC2_Intermediate_Clamped_Pinned                       


 
  ***** POST1 TOTAL REACTION SOLUTION LISTING *****                            
 
  LOAD STEP=     1  SUBSTEP=     1                                             
   TIME=    1.0000      LOAD CASE=   0                                         
 
  THE FOLLOWING X,Y,Z SOLUTIONS ARE IN THE GLOBAL COORDINATE SYSTEM            
 
    NODE       FX           FY           FZ           MX           MY           MZ    
   89254 -0.20386E-002 0.11770E-002  1708.7       0.0000       0.0000       0.0000     
   89255  0.18046     -0.12636       1865.9       0.0000       0.0000       0.0000     
   89256  0.19233     -0.13467       1554.1       0.0000       0.0000       0.0000     
   89257 -0.33550E-002 0.19370E-002  1401.4       0.0000       0.0000       0.0000     
   89258 -0.57110E-001 0.47921E-001  2348.2       0.0000       0.0000       0.0000     
   89259 -0.61582E-009 0.61582E-009  2514.1       0.0000       0.0000       0.0000     
   89260 -0.36941E-001 0.30997E-001  2682.0       0.0000       0.0000       0.0000     
   89261 -0.60438E-001 0.50714E-001  2024.2       0.0000       0.0000       0.0000     
   89262 -0.60378E-009 0.60378E-009  2185.2       0.0000       0.0000       0.0000     
   89263 -0.65528E-001 0.54984E-001  1708.7       0.0000       0.0000       0.0000     
   89264 -0.54768E-009 0.54768E-009  1865.7       0.0000       0.0000       0.0000     
   89265 -0.51285E-009 0.51285E-009  1553.9       0.0000       0.0000       0.0000     
   89266 -0.36230E-001 0.30400E-001  1401.5       0.0000       0.0000       0.0000     
   89267  0.47921E-001-0.57110E-001  2348.2       0.0000       0.0000       0.0000     
   89268 -0.72973E-001 0.10422       2514.3       0.0000       0.0000       0.0000     
   89269  0.30997E-001-0.36941E-001  2682.0       0.0000       0.0000       0.0000     
   89270  0.50714E-001-0.60438E-001  2024.2       0.0000       0.0000       0.0000     
   89271 -0.10398      0.14850       2185.4       0.0000       0.0000       0.0000     
   89272  0.54984E-001-0.65528E-001  1708.7       0.0000       0.0000       0.0000     
   89273 -0.12636      0.18046       1865.9       0.0000       0.0000       0.0000     
   89274 -0.13467      0.19233       1554.1       0.0000       0.0000       0.0000     
   89275  0.30400E-001-0.36230E-001  1401.5       0.0000       0.0000       0.0000     
   89276  0.53310E-003-0.92335E-003  2348.2       0.0000       0.0000       0.0000     
   89277  0.54652E-001-0.11720       2514.3       0.0000       0.0000       0.0000     
   89278  0.56521E-003-0.97897E-003  2682.0       0.0000       0.0000       0.0000     
   89279  0.73762E-003-0.12776E-002  2024.2       0.0000       0.0000       0.0000     
   89280  0.77636E-001-0.16649       2185.4       0.0000       0.0000       0.0000     
   89281  0.11770E-002-0.20386E-002  1708.7       0.0000       0.0000       0.0000     
   89282  0.94647E-001-0.20297       1865.9       0.0000       0.0000       0.0000     
   89283  0.10194     -0.21860       1554.1       0.0000       0.0000       0.0000     
   89284  0.19370E-002-0.33550E-002  1401.4       0.0000       0.0000       0.0000     
   89285 -0.24922E-001 0.68473E-001  2348.2       0.0000       0.0000       0.0000     
   89286  0.28740E-003-0.10726E-002  2514.1       0.0000       0.0000       0.0000     
   89287 -0.15904E-001 0.43696E-001  2682.0       0.0000       0.0000       0.0000     
   89288 -0.26184E-001 0.71940E-001  2024.2       0.0000       0.0000       0.0000     
   89289  0.34119E-003-0.12733E-002  2185.2       0.0000       0.0000       0.0000     
   89290 -0.27983E-001 0.76883E-001  1708.7       0.0000       0.0000       0.0000     

 *** MAPDL - ENGINEERING ANALYSIS SYSTEM  RELEASE 2026 R1          26.1     ***
 Ansys Mechanical Enterprise Academic Student      
 01055371  VERSION=WINDOWS x64   15:14:30  SEP 27, 2026 Elapsed Time=     32.426

 S3_LC2_INTERMEDIATE--S3_LC2_Intermediate_Clamped_Pinned                       


 
  ***** POST1 TOTAL REACTION SOLUTION LISTING *****                            
 
  LOAD STEP=     1  SUBSTEP=     1                                             
   TIME=    1.0000      LOAD CASE=   0                                         
 
  THE FOLLOWING X,Y,Z SOLUTIONS ARE IN THE GLOBAL COORDINATE SYSTEM            
 
    NODE       FX           FY           FZ           MX           MY           MZ    
   89291  0.52554E-003-0.19613E-002  1865.7       0.0000       0.0000       0.0000     
   89292  0.95672E-003-0.35705E-002  1553.9       0.0000       0.0000       0.0000     
   89293 -0.14104E-001 0.38750E-001  1401.5       0.0000       0.0000       0.0000     
   89294  0.13004E-001-0.73752E-001  2348.2       0.0000       0.0000       0.0000     
   89295 -0.11116E-001 0.12706       2514.3       0.0000       0.0000       0.0000     
   89296  0.84339E-002-0.47831E-001  2682.0       0.0000       0.0000       0.0000     
   89297  0.13789E-001-0.78203E-001  2024.2       0.0000       0.0000       0.0000     
   89298 -0.15827E-001 0.18091       2185.4       0.0000       0.0000       0.0000     
   89299  0.15008E-001-0.85112E-001  1708.8       0.0000       0.0000       0.0000     
   89300 -0.19242E-001 0.21993       1865.9       0.0000       0.0000       0.0000     
   89301 -0.20529E-001 0.23465       1554.1       0.0000       0.0000       0.0000     
   89302  0.84792E-002-0.48088E-001  1401.5       0.0000       0.0000       0.0000     
   89303               0.98269E-009  2348.2     
   89304 -0.11116E-001-0.12706       2514.3       0.0000       0.0000       0.0000     
   89305               0.83791E-009  2682.0     
   89306               0.98145E-009  2024.2     
   89307 -0.15827E-001-0.18091       2185.4       0.0000       0.0000       0.0000     
   89308               0.94379E-009  1708.7     
   89309 -0.19242E-001-0.21993       1865.9       0.0000       0.0000       0.0000     
   89310 -0.20529E-001-0.23465       1554.1       0.0000       0.0000       0.0000     
   89311               0.90832E-009  1401.5     
   89312  0.13004E-001 0.73752E-001  2348.2       0.0000       0.0000       0.0000     
   89313  0.28740E-003 0.10726E-002  2514.1       0.0000       0.0000       0.0000     
   89314  0.84339E-002 0.47831E-001  2682.0       0.0000       0.0000       0.0000     
   89315  0.13789E-001 0.78203E-001  2024.2       0.0000       0.0000       0.0000     
   89316  0.34119E-003 0.12733E-002  2185.2       0.0000       0.0000       0.0000     
   89317  0.15008E-001 0.85112E-001  1708.8       0.0000       0.0000       0.0000     
   89318  0.52554E-003 0.19613E-002  1865.7       0.0000       0.0000       0.0000     
   89319  0.95672E-003 0.35705E-002  1553.9       0.0000       0.0000       0.0000     
   89320  0.84792E-002 0.48088E-001  1401.5       0.0000       0.0000       0.0000     
   89321 -0.24922E-001-0.68473E-001  2348.2       0.0000       0.0000       0.0000     
   89322  0.54652E-001 0.11720       2514.3       0.0000       0.0000       0.0000     
   89323 -0.15904E-001-0.43696E-001  2682.0       0.0000       0.0000       0.0000     
   89324 -0.26184E-001-0.71940E-001  2024.2       0.0000       0.0000       0.0000     
   89325  0.77636E-001 0.16649       2185.4       0.0000       0.0000       0.0000     
   89326 -0.27983E-001-0.76883E-001  1708.7       0.0000       0.0000       0.0000     
   89327  0.94647E-001 0.20297       1865.9       0.0000       0.0000       0.0000     

 *** MAPDL - ENGINEERING ANALYSIS SYSTEM  RELEASE 2026 R1          26.1     ***
 Ansys Mechanical Enterprise Academic Student      
 01055371  VERSION=WINDOWS x64   15:14:30  SEP 27, 2026 Elapsed Time=     32.427

 S3_LC2_INTERMEDIATE--S3_LC2_Intermediate_Clamped_Pinned                       


 
  ***** POST1 TOTAL REACTION SOLUTION LISTING *****                            
 
  LOAD STEP=     1  SUBSTEP=     1                                             
   TIME=    1.0000      LOAD CASE=   0                                         
 
  THE FOLLOWING X,Y,Z SOLUTIONS ARE IN THE GLOBAL COORDINATE SYSTEM            
 
    NODE       FX           FY           FZ           MX           MY           MZ    
   89328  0.10194      0.21860       1554.1       0.0000       0.0000       0.0000     
   89329 -0.14104E-001-0.38750E-001  1401.5       0.0000       0.0000       0.0000     
   89330  0.53310E-003 0.92336E-003  2348.2       0.0000       0.0000       0.0000     
   89331 -0.72973E-001-0.10422       2514.3       0.0000       0.0000       0.0000     
   89332  0.56521E-003 0.97897E-003  2682.0       0.0000       0.0000       0.0000     
   89333  0.73762E-003 0.12776E-002  2024.2       0.0000       0.0000       0.0000     
   89334 -0.10398     -0.14850       2185.4       0.0000       0.0000       0.0000     
   89335  0.11770E-002 0.20386E-002  1708.7       0.0000       0.0000       0.0000     
   89336 -0.12636     -0.18046       1865.9       0.0000       0.0000       0.0000     
   89337 -0.13467     -0.19233       1554.1       0.0000       0.0000       0.0000     
   89338  0.19370E-002 0.33550E-002  1401.4       0.0000       0.0000       0.0000     
   89339  0.47921E-001 0.57110E-001  2348.2       0.0000       0.0000       0.0000     
   89340  0.61863E-009 0.61863E-009  2514.1       0.0000       0.0000       0.0000     
   89341  0.30997E-001 0.36941E-001  2682.0       0.0000       0.0000       0.0000     
   89342  0.50714E-001 0.60438E-001  2024.2       0.0000       0.0000       0.0000     
   89343  0.64751E-009 0.64751E-009  2185.2       0.0000       0.0000       0.0000     
   89344  0.54984E-001 0.65528E-001  1708.7       0.0000       0.0000       0.0000     
   89345  0.60179E-009 0.60179E-009  1865.7       0.0000       0.0000       0.0000     
   89346  0.56688E-009 0.56688E-009  1553.9       0.0000       0.0000       0.0000     
   89347  0.30400E-001 0.36230E-001  1401.5       0.0000       0.0000       0.0000     
   89348 -0.57110E-001-0.47921E-001  2348.2       0.0000       0.0000       0.0000     
   89349  0.10422      0.72973E-001  2514.3       0.0000       0.0000       0.0000     
   89350 -0.36941E-001-0.30997E-001  2682.0       0.0000       0.0000       0.0000     
   89351 -0.60438E-001-0.50714E-001  2024.2       0.0000       0.0000       0.0000     
   89352  0.14850      0.10398       2185.4       0.0000       0.0000       0.0000     
   89353 -0.65528E-001-0.54984E-001  1708.7       0.0000       0.0000       0.0000     
   89354  0.18046      0.12636       1865.9       0.0000       0.0000       0.0000     
   89355  0.19233      0.13467       1554.1       0.0000       0.0000       0.0000     
   89356 -0.36230E-001-0.30400E-001  1401.5       0.0000       0.0000       0.0000     
   89357 -0.92335E-003-0.53310E-003  2348.2       0.0000       0.0000       0.0000     
   89358 -0.11720     -0.54652E-001  2514.3       0.0000       0.0000       0.0000     
   89359 -0.97897E-003-0.56521E-003  2682.0       0.0000       0.0000       0.0000     
   89360 -0.12776E-002-0.73762E-003  2024.2       0.0000       0.0000       0.0000     
   89361 -0.16649     -0.77636E-001  2185.4       0.0000       0.0000       0.0000     
   89362 -0.20386E-002-0.11770E-002  1708.7       0.0000       0.0000       0.0000     
   89363 -0.20297     -0.94647E-001  1865.9       0.0000       0.0000       0.0000     
   89364 -0.21860     -0.10194       1554.1       0.0000       0.0000       0.0000     

 *** MAPDL - ENGINEERING ANALYSIS SYSTEM  RELEASE 2026 R1          26.1     ***
 Ansys Mechanical Enterprise Academic Student      
 01055371  VERSION=WINDOWS x64   15:14:30  SEP 27, 2026 Elapsed Time=     32.428

 S3_LC2_INTERMEDIATE--S3_LC2_Intermediate_Clamped_Pinned                       


 
  ***** POST1 TOTAL REACTION SOLUTION LISTING *****                            
 
  LOAD STEP=     1  SUBSTEP=     1                                             
   TIME=    1.0000      LOAD CASE=   0                                         
 
  THE FOLLOWING X,Y,Z SOLUTIONS ARE IN THE GLOBAL COORDINATE SYSTEM            
 
    NODE       FX           FY           FZ           MX           MY           MZ    
   89365 -0.33550E-002-0.19370E-002  1401.4       0.0000       0.0000       0.0000     
   89366  0.68473E-001 0.24922E-001  2348.2       0.0000       0.0000       0.0000     
   89367 -0.10726E-002-0.28740E-003  2514.1       0.0000       0.0000       0.0000     
   89368  0.43696E-001 0.15904E-001  2682.0       0.0000       0.0000       0.0000     
   89369  0.71940E-001 0.26184E-001  2024.2       0.0000       0.0000       0.0000     
   89370 -0.12733E-002-0.34119E-003  2185.2       0.0000       0.0000       0.0000     
   89371  0.76883E-001 0.27983E-001  1708.7       0.0000       0.0000       0.0000     
   89372 -0.19613E-002-0.52554E-003  1865.7       0.0000       0.0000       0.0000     
   89373 -0.35705E-002-0.95672E-003  1553.9       0.0000       0.0000       0.0000     
   89374  0.38750E-001 0.14104E-001  1401.5       0.0000       0.0000       0.0000     
   89375 -0.73752E-001-0.13004E-001  2348.2       0.0000       0.0000       0.0000     
   89376  0.12706      0.11116E-001  2514.3       0.0000       0.0000       0.0000     
   89377 -0.47831E-001-0.84339E-002  2682.0       0.0000       0.0000       0.0000     
   89378 -0.78203E-001-0.13789E-001  2024.2       0.0000       0.0000       0.0000     
   89379  0.18091      0.15827E-001  2185.4       0.0000       0.0000       0.0000     
   89380 -0.85112E-001-0.15008E-001  1708.8       0.0000       0.0000       0.0000     
   89381  0.21993      0.19242E-001  1865.9       0.0000       0.0000       0.0000     
   89382  0.23465      0.20529E-001  1554.1       0.0000       0.0000       0.0000     
   89383 -0.48088E-001-0.84792E-002  1401.5       0.0000       0.0000       0.0000     
   89384  0.70302E-009 0.43047E-025  2348.2       0.0000       0.0000       0.0000     
   89385 -0.12706      0.11116E-001  2514.3       0.0000       0.0000       0.0000     
   89386  0.82699E-009 0.50638E-025  2682.0       0.0000       0.0000       0.0000     
   89387  0.57130E-009 0.34982E-025  2024.2       0.0000       0.0000       0.0000     
   89388 -0.18091      0.15827E-001  2185.4       0.0000       0.0000       0.0000     
   89389  0.44786E-009 0.27423E-025  1708.7       0.0000       0.0000       0.0000     
   89390 -0.21993      0.19242E-001  1865.9       0.0000       0.0000       0.0000     
   89391 -0.23465      0.20529E-001  1554.1       0.0000       0.0000       0.0000     
   89392  0.34337E-009 0.21025E-025  1401.5       0.0000       0.0000       0.0000     
   89393  0.73752E-001-0.13004E-001  2348.2       0.0000       0.0000       0.0000     
   89394  0.10726E-002-0.28740E-003  2514.1       0.0000       0.0000       0.0000     
   89395  0.47831E-001-0.84339E-002  2682.0       0.0000       0.0000       0.0000     
   89396  0.78203E-001-0.13789E-001  2024.2       0.0000       0.0000       0.0000     
   89397  0.12733E-002-0.34119E-003  2185.2       0.0000       0.0000       0.0000     
   89398  0.85112E-001-0.15008E-001  1708.8       0.0000       0.0000       0.0000     
   89399  0.19613E-002-0.52554E-003  1865.7       0.0000       0.0000       0.0000     
   89400  0.35705E-002-0.95672E-003  1553.9       0.0000       0.0000       0.0000     
   89401  0.48088E-001-0.84792E-002  1401.5       0.0000       0.0000       0.0000     

 *** MAPDL - ENGINEERING ANALYSIS SYSTEM  RELEASE 2026 R1          26.1     ***
 Ansys Mechanical Enterprise Academic Student      
 01055371  VERSION=WINDOWS x64   15:14:30  SEP 27, 2026 Elapsed Time=     32.428

 S3_LC2_INTERMEDIATE--S3_LC2_Intermediate_Clamped_Pinned                       


 
  ***** POST1 TOTAL REACTION SOLUTION LISTING *****                            
 
  LOAD STEP=     1  SUBSTEP=     1                                             
   TIME=    1.0000      LOAD CASE=   0                                         
 
  THE FOLLOWING X,Y,Z SOLUTIONS ARE IN THE GLOBAL COORDINATE SYSTEM            
 
    NODE       FX           FY           FZ           MX           MY           MZ    
   89402 -0.68473E-001 0.24922E-001  2348.2       0.0000       0.0000       0.0000     
   89403  0.11720     -0.54652E-001  2514.3       0.0000       0.0000       0.0000     
   89404 -0.43696E-001 0.15904E-001  2682.0       0.0000       0.0000       0.0000     
   89405 -0.71940E-001 0.26184E-001  2024.2       0.0000       0.0000       0.0000     
   89406  0.16649     -0.77636E-001  2185.4       0.0000       0.0000       0.0000     
   89407 -0.76883E-001 0.27983E-001  1708.7       0.0000       0.0000       0.0000     
   89408  0.20297     -0.94647E-001  1865.9       0.0000       0.0000       0.0000     
   89409  0.21860     -0.10194       1554.1       0.0000       0.0000       0.0000     
   89410 -0.38750E-001 0.14104E-001  1401.5       0.0000       0.0000       0.0000     
   89411  0.92336E-003-0.53310E-003  2348.2       0.0000       0.0000       0.0000     
   89412 -0.10422      0.72973E-001  2514.3       0.0000       0.0000       0.0000     
   89413  0.97897E-003-0.56521E-003  2682.0       0.0000       0.0000       0.0000     
   89414  0.12776E-002-0.73762E-003  2024.2       0.0000       0.0000       0.0000     
   89415 -0.14850      0.10398       2185.4       0.0000       0.0000       0.0000     
   89416  0.20386E-002-0.11770E-002  1708.7       0.0000       0.0000       0.0000     
   89417 -0.18046      0.12636       1865.9       0.0000       0.0000       0.0000     
   89418 -0.19233      0.13467       1554.1       0.0000       0.0000       0.0000     
   89419  0.33550E-002-0.19370E-002  1401.4       0.0000       0.0000       0.0000     
   89420  0.57110E-001-0.47921E-001  2348.2       0.0000       0.0000       0.0000     
   89421  0.46158E-009-0.46158E-009  2514.1       0.0000       0.0000       0.0000     
   89422  0.36941E-001-0.30997E-001  2682.0       0.0000       0.0000       0.0000     
   89423  0.60438E-001-0.50714E-001  2024.2       0.0000       0.0000       0.0000     
   89424  0.23039E-009-0.23039E-009  2185.2       0.0000       0.0000       0.0000     
   89425  0.65528E-001-0.54984E-001  1708.7       0.0000       0.0000       0.0000     
   89426  0.95342E-010-0.95342E-010  1865.7       0.0000       0.0000       0.0000     
   89427 -0.25815E-010 0.25815E-010  1553.9       0.0000       0.0000       0.0000     
   89428  0.36230E-001-0.30400E-001  1401.5       0.0000       0.0000       0.0000     
   89429 -0.47921E-001 0.57110E-001  2348.2       0.0000       0.0000       0.0000     
   89430  0.72973E-001-0.10422       2514.3       0.0000       0.0000       0.0000     
   89431 -0.30997E-001 0.36941E-001  2682.0       0.0000       0.0000       0.0000     
   89432 -0.50714E-001 0.60438E-001  2024.2       0.0000       0.0000       0.0000     
   89433  0.10398     -0.14850       2185.4       0.0000       0.0000       0.0000     
   89434 -0.54984E-001 0.65528E-001  1708.7       0.0000       0.0000       0.0000     
   89435  0.12636     -0.18046       1865.9       0.0000       0.0000       0.0000     
   89436  0.13467     -0.19233       1554.1       0.0000       0.0000       0.0000     
   89437 -0.30400E-001 0.36230E-001  1401.5       0.0000       0.0000       0.0000     
   89438 -0.53310E-003 0.92335E-003  2348.2       0.0000       0.0000       0.0000     

 *** MAPDL - ENGINEERING ANALYSIS SYSTEM  RELEASE 2026 R1          26.1     ***
 Ansys Mechanical Enterprise Academic Student      
 01055371  VERSION=WINDOWS x64   15:14:30  SEP 27, 2026 Elapsed Time=     32.429

 S3_LC2_INTERMEDIATE--S3_LC2_Intermediate_Clamped_Pinned                       


 
  ***** POST1 TOTAL REACTION SOLUTION LISTING *****                            
 
  LOAD STEP=     1  SUBSTEP=     1                                             
   TIME=    1.0000      LOAD CASE=   0                                         
 
  THE FOLLOWING X,Y,Z SOLUTIONS ARE IN THE GLOBAL COORDINATE SYSTEM            
 
    NODE       FX           FY           FZ           MX           MY           MZ    
   89439 -0.54652E-001 0.11720       2514.3       0.0000       0.0000       0.0000     
   89440 -0.56521E-003 0.97897E-003  2682.0       0.0000       0.0000       0.0000     
   89441 -0.73762E-003 0.12776E-002  2024.2       0.0000       0.0000       0.0000     
   89442 -0.77636E-001 0.16649       2185.4       0.0000       0.0000       0.0000     
   89443 -0.11770E-002 0.20386E-002  1708.7       0.0000       0.0000       0.0000     
   89444 -0.94647E-001 0.20297       1865.9       0.0000       0.0000       0.0000     
   89445 -0.10194      0.21860       1554.1       0.0000       0.0000       0.0000     
   89446 -0.19370E-002 0.33550E-002  1401.4       0.0000       0.0000       0.0000     
   89447  0.24922E-001-0.68473E-001  2348.2       0.0000       0.0000       0.0000     
   89448 -0.28740E-003 0.10726E-002  2514.1       0.0000       0.0000       0.0000     
   89449  0.15904E-001-0.43696E-001  2682.0       0.0000       0.0000       0.0000     
   89450  0.26184E-001-0.71940E-001  2024.2       0.0000       0.0000       0.0000     
   89451 -0.34119E-003 0.12733E-002  2185.2       0.0000       0.0000       0.0000     
   89452  0.27983E-001-0.76883E-001  1708.7       0.0000       0.0000       0.0000     
   89453 -0.52554E-003 0.19613E-002  1865.7       0.0000       0.0000       0.0000     
   89454 -0.95672E-003 0.35705E-002  1553.9       0.0000       0.0000       0.0000     
   89455  0.14104E-001-0.38750E-001  1401.5       0.0000       0.0000       0.0000     
   89456 -0.13004E-001 0.73752E-001  2348.2       0.0000       0.0000       0.0000     
   89457 -0.84339E-002 0.47831E-001  2682.0       0.0000       0.0000       0.0000     
   89458 -0.13789E-001 0.78203E-001  2024.2       0.0000       0.0000       0.0000     
   89459 -0.15008E-001 0.85112E-001  1708.8       0.0000       0.0000       0.0000     
   89460 -0.84792E-002 0.48088E-001  1401.5       0.0000       0.0000       0.0000     
   89461 -0.20585E-003 0.76823E-003  1369.8       0.0000       0.0000       0.0000     
   89462  0.32903E-002-0.37608E-001  1369.8       0.0000       0.0000       0.0000     
   89464 -0.16501E-001 0.35386E-001  1369.8       0.0000       0.0000       0.0000     
   89466  0.21507E-001-0.30715E-001  1369.8       0.0000       0.0000       0.0000     
   89468  0.37942E-009-0.37942E-009  1369.8       0.0000       0.0000       0.0000     
   89470 -0.30715E-001 0.21507E-001  1369.8       0.0000       0.0000       0.0000     
   89472  0.35386E-001-0.16501E-001  1369.8       0.0000       0.0000       0.0000     
   89474  0.76823E-003-0.20585E-003  1369.8       0.0000       0.0000       0.0000     
   89476 -0.37608E-001 0.32903E-002  1369.8       0.0000       0.0000       0.0000     
   89478  0.37608E-001 0.32903E-002  1369.8       0.0000       0.0000       0.0000     
   89480 -0.76823E-003-0.20585E-003  1369.8       0.0000       0.0000       0.0000     
   89482 -0.35386E-001-0.16501E-001  1369.8       0.0000       0.0000       0.0000     
   89484  0.30715E-001 0.21507E-001  1369.8       0.0000       0.0000       0.0000     
   89486  0.21606E-009 0.21606E-009  1369.8       0.0000       0.0000       0.0000     
   89488 -0.21507E-001-0.30715E-001  1369.8       0.0000       0.0000       0.0000     

 *** MAPDL - ENGINEERING ANALYSIS SYSTEM  RELEASE 2026 R1          26.1     ***
 Ansys Mechanical Enterprise Academic Student      
 01055371  VERSION=WINDOWS x64   15:14:30  SEP 27, 2026 Elapsed Time=     32.430

 S3_LC2_INTERMEDIATE--S3_LC2_Intermediate_Clamped_Pinned                       


 
  ***** POST1 TOTAL REACTION SOLUTION LISTING *****                            
 
  LOAD STEP=     1  SUBSTEP=     1                                             
   TIME=    1.0000      LOAD CASE=   0                                         
 
  THE FOLLOWING X,Y,Z SOLUTIONS ARE IN THE GLOBAL COORDINATE SYSTEM            
 
    NODE       FX           FY           FZ           MX           MY           MZ    
   89490  0.16501E-001 0.35386E-001  1369.8       0.0000       0.0000       0.0000     
   89492  0.20585E-003 0.76823E-003  1369.8       0.0000       0.0000       0.0000     
   89494 -0.32903E-002-0.37608E-001  1369.8       0.0000       0.0000       0.0000     
   89496 -0.32903E-002 0.37608E-001  1369.8       0.0000       0.0000       0.0000     
   89498  0.20585E-003-0.76823E-003  1369.8       0.0000       0.0000       0.0000     
   89500  0.16501E-001-0.35386E-001  1369.8       0.0000       0.0000       0.0000     
   89502 -0.21507E-001 0.30715E-001  1369.8       0.0000       0.0000       0.0000     
   89504 -0.23122E-009 0.23122E-009  1369.8       0.0000       0.0000       0.0000     
   89506  0.30715E-001-0.21507E-001  1369.8       0.0000       0.0000       0.0000     
   89508 -0.35386E-001 0.16501E-001  1369.8       0.0000       0.0000       0.0000     
   89510 -0.76823E-003 0.20585E-003  1369.8       0.0000       0.0000       0.0000     
   89512  0.37608E-001-0.32903E-002  1369.8       0.0000       0.0000       0.0000     
   89514 -0.37608E-001-0.32903E-002  1369.8       0.0000       0.0000       0.0000     
   89516  0.76823E-003 0.20585E-003  1369.8       0.0000       0.0000       0.0000     
   89518  0.35386E-001 0.16501E-001  1369.8       0.0000       0.0000       0.0000     
   89520 -0.30715E-001-0.21507E-001  1369.8       0.0000       0.0000       0.0000     
   89522 -0.39554E-009-0.39554E-009  1369.8       0.0000       0.0000       0.0000     
   89524  0.21507E-001 0.30715E-001  1369.8       0.0000       0.0000       0.0000     
   89526 -0.16501E-001-0.35386E-001  1369.8       0.0000       0.0000       0.0000     
   89528 -0.20585E-003-0.76823E-003  1369.8       0.0000       0.0000       0.0000     
   89530  0.32903E-002 0.37608E-001  1369.8       0.0000       0.0000       0.0000     
   89533 -0.89909E-003 0.33555E-002  676.20       0.0000       0.0000       0.0000     
   89534  0.99640E-002-0.11389       676.23       0.0000       0.0000       0.0000     
   89536 -0.50540E-001 0.10838       676.23       0.0000       0.0000       0.0000     
   89538  0.65288E-001-0.93240E-001  676.23       0.0000       0.0000       0.0000     
   89540 -0.87565E-010 0.87565E-010  676.19       0.0000       0.0000       0.0000     
   89542 -0.93240E-001 0.65288E-001  676.23       0.0000       0.0000       0.0000     
   89544  0.10838     -0.50540E-001  676.23       0.0000       0.0000       0.0000     
   89546  0.33555E-002-0.89909E-003  676.20       0.0000       0.0000       0.0000     
   89548 -0.11389      0.99640E-002  676.23       0.0000       0.0000       0.0000     
   89550  0.11389      0.99640E-002  676.23       0.0000       0.0000       0.0000     
   89552 -0.33555E-002-0.89909E-003  676.20       0.0000       0.0000       0.0000     
   89554 -0.10838     -0.50540E-001  676.23       0.0000       0.0000       0.0000     
   89556  0.93240E-001 0.65288E-001  676.23       0.0000       0.0000       0.0000     
   89558  0.31669E-009 0.31669E-009  676.19       0.0000       0.0000       0.0000     
   89560 -0.65288E-001-0.93240E-001  676.23       0.0000       0.0000       0.0000     
   89562  0.50540E-001 0.10838       676.23       0.0000       0.0000       0.0000     

 *** MAPDL - ENGINEERING ANALYSIS SYSTEM  RELEASE 2026 R1          26.1     ***
 Ansys Mechanical Enterprise Academic Student      
 01055371  VERSION=WINDOWS x64   15:14:30  SEP 27, 2026 Elapsed Time=     32.431

 S3_LC2_INTERMEDIATE--S3_LC2_Intermediate_Clamped_Pinned                       


 
  ***** POST1 TOTAL REACTION SOLUTION LISTING *****                            
 
  LOAD STEP=     1  SUBSTEP=     1                                             
   TIME=    1.0000      LOAD CASE=   0                                         
 
  THE FOLLOWING X,Y,Z SOLUTIONS ARE IN THE GLOBAL COORDINATE SYSTEM            
 
    NODE       FX           FY           FZ           MX           MY           MZ    
   89564  0.89909E-003 0.33555E-002  676.20       0.0000       0.0000       0.0000     
   89566 -0.99640E-002-0.11389       676.23       0.0000       0.0000       0.0000     
   89568 -0.99640E-002 0.11389       676.23       0.0000       0.0000       0.0000     
   89570  0.89909E-003-0.33555E-002  676.20       0.0000       0.0000       0.0000     
   89572  0.50540E-001-0.10838       676.23       0.0000       0.0000       0.0000     
   89574 -0.65288E-001 0.93240E-001  676.23       0.0000       0.0000       0.0000     
   89576 -0.27385E-009 0.27385E-009  676.19       0.0000       0.0000       0.0000     
   89578  0.93240E-001-0.65288E-001  676.23       0.0000       0.0000       0.0000     
   89580 -0.10838      0.50540E-001  676.23       0.0000       0.0000       0.0000     
   89582 -0.33555E-002 0.89909E-003  676.20       0.0000       0.0000       0.0000     
   89584  0.11389     -0.99640E-002  676.23       0.0000       0.0000       0.0000     
   89586 -0.11389     -0.99640E-002  676.23       0.0000       0.0000       0.0000     
   89588  0.33555E-002 0.89909E-003  676.20       0.0000       0.0000       0.0000     
   89590  0.10838      0.50540E-001  676.23       0.0000       0.0000       0.0000     
   89592 -0.93240E-001-0.65288E-001  676.23       0.0000       0.0000       0.0000     
   89594  0.13764E-009 0.13764E-009  676.19       0.0000       0.0000       0.0000     
   89596  0.65288E-001 0.93240E-001  676.23       0.0000       0.0000       0.0000     
   89598 -0.50540E-001-0.10838       676.23       0.0000       0.0000       0.0000     
   89600 -0.89909E-003-0.33555E-002  676.20       0.0000       0.0000       0.0000     
   89602  0.99640E-002 0.11389       676.23       0.0000       0.0000       0.0000     
  108253  0.23226E-007 0.44797E-008-0.54894E+006

 TOTAL VALUES
 VALUE   0.28987E-007 0.57160E-007-0.22119E-008  0.0000       0.0000       0.0000     
